3002, 72159785, 5756
3002, 24249814, 1844
3002, 71569953, 5757
3002, 24053203, 1845
3002, 71635489, 5757
3002, 24118739, 1845
3002, 71373348, 5753
3002, 23987668, 1843
3002, 71832101, 5765
3002, 24184276, 1847
3002, 71569952, 5749
3002, 24053203, 1842
3002, 71832097, 5748
3002, 24184275, 1842
3002, 71373344, 5745
3002, 23987667, 1841
3002, 70849056, 5749
3002, 23856595, 1842
3002, 71111201, 5745
3002, 23922131, 1841
3002, 71897632, 5748
3002, 24184275, 1842
3002, 73142816, 5749
3002, 24577491, 1842
3002, 74781212, 5756
3002, 25101778, 1844
3002, 76878368, 5737
3002, 25757139, 1838
3002, 78647832, 5733
3002, 26346960, 1837
3002, 80810521, 5753
3002, 27002321, 1843
3002, 82579992, 5757
3002, 27592144, 1845
3002, 84152857, 5765
3002, 28050897, 1847
3002, 86577685, 5752
3002, 28837327, 1843
3002, 87822865, 5749
3002, 29230542, 1842
3002, 90509849, 5733
3002, 30082513, 1837
3002, 92279317, 5757
3002, 30606799, 1845
3002, 94442008, 5745
3002, 31327696, 1841
3002, 96473624, 5769
3002, 31983056, 1848
3002, 98636305, 5749
3002, 32638414, 1842
3002, 99947025, 5756
3002, 33031630, 1844
3002, 102044177, 5769
3002, 33752526, 1848
3002, 104337937, 5752
3002, 34473422, 1843
3002, 106697233, 5757
3002, 35194318, 1845
3002, 108335633, 5772
3002, 35718606, 1849
3002, 110170637, 5753
3002, 36308429, 1843
3002, 111743501, 5745
3002, 36767181, 1841
3002, 115347985, 5749
3002, 37946830, 1842
3002, 117445133, 5756
3002, 38602189, 1844
3002, 119542285, 5749
3002, 39257549, 1842
3002, 121704972, 5756
3002, 39978445, 1844
3002, 123277836, 5725
3002, 40437197, 1834
3002, 125374985, 5752
3002, 41092556, 1843
3002, 126685705, 5752
3002, 41551308, 1843
3002, 129045001, 5752
3002, 42272204, 1843
3002, 130880005, 5753
3002, 42862026, 1843
3002, 132911624, 5737
3002, 43517387, 1838
3002, 136319496, 5752
3002, 44565963, 1843
3002, 137892357, 5748
3002, 45090250, 1842
3002, 140251653, 5748
3002, 45811146, 1842
3002, 141890053, 5757
3002, 46335434, 1845
3002, 143987204, 5749
3002, 46990794, 1842
3002, 146543109, 5765
3002, 47842762, 1847
3002, 147853828, 5757
3002, 48235978, 1845
3002, 149688836, 5765
3002, 48825802, 1847
3002, 152375808, 5753
3002, 49677769, 1843
3002, 154407425, 5756
3002, 50333129, 1844
3002, 155980288, 5765
3002, 50791881, 1847
3002, 158339584, 5756
3002, 51578313, 1844
3002, 160240128, 5753
3002, 52168137, 1843
3002, 162271740, 5729
3002, 52823495, 1836
3002, 164172284, 5757
3002, 53413319, 1845
3002, 166269437, 5761
3002, 54068680, 1846
3002, 168366589, 5749
3002, 54724040, 1842
3002, 170201593, 5749
3002, 55313863, 1842
3002, 172036600, 5761
3002, 55903686, 1846
3002, 174658041, 5744
3002, 56690119, 1841
3002, 176493049, 5752
3002, 57279943, 1843
3002, 178590197, 5753
3002, 57935301, 1843
3002, 181473784, 5749
3002, 58852806, 1842
3002, 183046645, 5772
3002, 59377093, 1849
3002, 185405941, 5757
3002, 60097989, 1845
3002, 188223989, 5748
3002, 61015493, 1842
3002, 190058997, 5773
3002, 61605317, 1850
3002, 191894004, 5749
3002, 62195141, 1842
3002, 193532404, 5745
3002, 62719429, 1841
3002, 195564017, 5741
3002, 63309252, 1840
3002, 197988848, 5756
3002, 64095684, 1844
3002, 199496177, 5753
3002, 64554436, 1843
3002, 202707440, 5756
3002, 65603012, 1844
3002, 205066733, 5740
3002, 66323907, 1839
3002, 207163889, 5756
3002, 67044804, 1844
3002, 209261040, 5749
3002, 67700164, 1842
3002, 210768368, 5741
3002, 68158916, 1840
3002, 212931053, 5745
3002, 68814275, 1841
3002, 215224808, 5732
3002, 69535169, 1837
3002, 217321965, 5741
3002, 70256067, 1840
3002, 218698221, 5756
3002, 70649283, 1844
3002, 221581800, 5756
3002, 71566785, 1844
3002, 223154664, 5757
3002, 72091073, 1845
3002, 225776105, 5732
3002, 72877505, 1837
3002, 227348972, 5748
3002, 73401794, 1842
3002, 229708261, 5768
3002, 74122688, 1848
3002, 232067557, 5749
3002, 74909120, 1842
3002, 234099173, 5749
3002, 75564480, 1842
3002, 235999717, 5749
3002, 76154304, 1842
3002, 238555621, 5740
3002, 76940736, 1839
3002, 240128481, 5740
3002, 77465023, 1839
3002, 242291169, 5725
3002, 78120383, 1834
3002, 244322785, 5756
3002, 78775743, 1844
3002, 246485476, 5749
3002, 79496640, 1842
3002, 249827809, 5725
3002, 80545215, 1834
3002, 252187105, 5749
3002, 81266111, 1842
3002, 254087648, 5752
3002, 81855935, 1843
3002, 256446941, 5741
3002, 82642366, 1840
3002, 258806241, 5749
3002, 83363263, 1842
3002, 260379101, 5745
3002, 83887550, 1841
3002, 262410717, 5748
3002, 84477374, 1842
3002, 264507869, 5749
3002, 85198270, 1842
3002, 266080737, 5741
3002, 85657023, 1840
3002, 269750749, 5761
3002, 86836670, 1846
3002, 270340560, 5781
3002, 87033274, 1852
3002, 272962013, 5752
3002, 87819710, 1843
3002, 274731485, 5764
3002, 88409534, 1847
3002, 276042201, 5748
3002, 88802748, 1842
3002, 276632025, 5756
3002, 88999356, 1844
3002, 276894168, 5768
3002, 89064892, 1848
3002, 277680601, 5749
3002, 89327036, 1842
3002, 277942745, 5753
3002, 89458108, 1843
3002, 278925785, 5764
3002, 89720252, 1847
3002, 278991317, 5777
3002, 89785787, 1851
3002, 279777752, 5756
3002, 89982396, 1844
3002, 280302037, 5757
3002, 90179003, 1845
3002, 280760789, 5764
3002, 90310075, 1847
3002, 281088468, 5740
3002, 90441147, 1839
3002, 281874900, 5756
3002, 90703291, 1844
3002, 282595793, 5753
3002, 90899898, 1843
3002, 282923472, 5745
3002, 91030970, 1841
3002, 283906509, 5732
3002, 91293113, 1837
3002, 284168657, 5753
3002, 91424186, 1843
3002, 284758481, 5741
3002, 91555258, 1840
3002, 285544913, 5745
3002, 91817402, 1841
3002, 286331341, 5749
3002, 92079545, 1842
3002, 288166349, 5748
3002, 92669369, 1842
3002, 288952781, 5733
3002, 92931513, 1837
3002, 289673676, 5769
3002, 93128120, 1848
3002, 290001357, 5745
3002, 93259193, 1841
3002, 290984396, 5756
3002, 93586872, 1844
3002, 291836361, 5756
3002, 93849015, 1844
3002, 292622796, 5765
3002, 94045624, 1847
3002, 293081545, 5733
3002, 94242231, 1837
3002, 293933513, 5748
3002, 94504375, 1842
3002, 294916549, 5744
3002, 94832054, 1841
3002, 295702981, 5749
3002, 95028662, 1842
3002, 296489413, 5768
3002, 95290806, 1848
3002, 297341381, 5745
3002, 95552950, 1841
3002, 298127825, 5756
3002, 95815098, 1844
3002, 299373021, 5753
3002, 96208318, 1843
3002, 300159461, 5745
3002, 96470464, 1841
3002, 300683757, 5753
3002, 96601539, 1843
3002, 301470204, 5733
3002, 96863687, 1837
3002, 302780941, 5749
3002, 97322445, 1842
3002, 303370784, 5745
3002, 97453523, 1841
3002, 304157232, 5765
3002, 97715672, 1847
3002, 305467968, 5772
3002, 98174429, 1849
3002, 306516565, 5773
3002, 98502116, 1850
3002, 307761761, 5756
3002, 98895335, 1844
3002, 308613748, 5744
3002, 99157486, 1841
3002, 309662336, 5748
3002, 99485169, 1842
3002, 311169688, 5765
3002, 99943929, 1847
3002, 312021669, 5749
3002, 100206077, 1842
3002, 313070261, 5733
3002, 100533762, 1837
3002, 314577612, 5772
3002, 101058057, 1849
3002, 315429597, 5768
3002, 101320207, 1848
3002, 316936941, 5749
3002, 101778964, 1842
3002, 319099641, 5749
3002, 102434328, 1842
3002, 320344844, 5741
3002, 102827550, 1840
3002, 321721125, 5749
3002, 103286310, 1842
3002, 323294009, 5749
3002, 103810604, 1842
3002, 324342605, 5752
3002, 104138290, 1843
3002, 325915489, 5753
3002, 104597049, 1843
3002, 327226229, 5757
3002, 105055807, 1845
3002, 328733585, 5757
3002, 105514568, 1845
3002, 330044324, 5753
3002, 105907790, 1843
3002, 331682748, 5740
3002, 106432085, 1839
3002, 332731349, 5769
3002, 106759773, 1848
3002, 334566376, 5765
3002, 107349603, 1847
3002, 338433061, 5765
3002, 108594807, 1847
3002, 340071489, 5756
3002, 109119103, 1844
3002, 341906524, 5745
3002, 109708936, 1841
3002, 343217273, 5753
3002, 110102161, 1843
3002, 345052305, 5764
3002, 110691993, 1847
3002, 346625201, 5756
3002, 111150755, 1844
3002, 348656845, 5753
3002, 111806124, 1843
3002, 350557417, 5752
3002, 112395957, 1843
3002, 352392453, 5761
3002, 112985790, 1846
3002, 353965345, 5741
3002, 113510086, 1840
3002, 356062533, 5753
3002, 114165458, 1843
3002, 358094173, 5773
3002, 114820825, 1850
3002, 359732600, 5757
3002, 115345122, 1845
3002, 362026396, 5752
3002, 116066029, 1843
3002, 363926973, 5741
3002, 116655864, 1840
3002, 366024156, 5745
3002, 117311234, 1841
3002, 367859192, 5736
3002, 117901067, 1838
3002, 369956385, 5772
3002, 118556439, 1849
3002, 372053564, 5752
3002, 119211808, 1843
3002, 374085220, 5749
3002, 119867181, 1842
3002, 377034357, 5764
3002, 120784690, 1847
3002, 379655836, 5732
3002, 121636670, 1837
3002, 382015168, 5769
3002, 122357578, 1848
3002, 383850205, 5741
3002, 122947411, 1840
3002, 386209541, 5765
3002, 123733856, 1847
3002, 388306732, 5765
3002, 124389228, 1847
3002, 390666061, 5749
3002, 125110135, 1842
3002, 393484145, 5757
3002, 126027650, 1845
3002, 395122581, 5749
3002, 126551949, 1842
3002, 397940668, 5765
3002, 127403930, 1847
3002, 400365533, 5772
3002, 128190372, 1849
3002, 402462720, 5765
3002, 128845743, 1847
3002, 404756512, 5769
3002, 129566649, 1848
3002, 405608501, 5749
3002, 129828800, 1842
3002, 408229981, 5756
3002, 130680781, 1844
3002, 410589309, 5729
3002, 131467223, 1836
3002, 413210805, 5777
3002, 132253673, 1851
3002, 416028892, 5753
3002, 133171189, 1843
3002, 418191637, 5764
3002, 133826567, 1847
3002, 422123833, 5757
3002, 135071762, 1845
3002, 423958877, 5757
3002, 135661598, 1845
3002, 427104661, 5748
3002, 136644655, 1842
3002, 430250429, 5752
3002, 137693244, 1843
3002, 433396204, 5764
3002, 138676299, 1847
3002, 434969109, 5749
3002, 139135064, 1842
3002, 438639165, 5756
3002, 140314725, 1844
3002, 441260645, 5749
3002, 141166705, 1842
3002, 443357865, 5765
3002, 141822087, 1847
3002, 447027925, 5764
3002, 143001749, 1847
3002, 450697981, 5737
3002, 144115873, 1838
3002, 453843765, 5749
3002, 145164467, 1842
3002, 456989541, 5757
3002, 146147522, 1845
3002, 461183865, 5757
3002, 147458249, 1845
3002, 465312693, 5756
3002, 148768988, 1844
3002, 467999717, 5748
3002, 149620971, 1842
3002, 477699173, 5768
3002, 152701203, 1848
3002, 480844965, 5756
3002, 153684264, 1844
3002, 483990748, 5773
3002, 154667321, 1850
3002, 487398676, 5757
3002, 155781451, 1845
3002, 490544461, 5757
3002, 156764509, 1845
3002, 494214521, 5745
3002, 157944171, 1841
3002, 498605497, 5757
3002, 159320447, 1845
3002, 501554669, 5772
3002, 160237968, 1849
3002, 505749033, 5764
3002, 161548707, 1847
3002, 509419109, 5757
3002, 162728374, 1845
3002, 513089185, 5756
3002, 163908041, 1844
3002, 516234969, 5748
3002, 164891098, 1842
3002, 520691469, 5741
3002, 166332907, 1840
3002, 524623708, 5753
3002, 167578116, 1843
3002, 527245205, 5757
3002, 168364566, 1845
3002, 531177421, 5756
3002, 169609768, 1844
3002, 535109631, 5745
3002, 170854967, 1841
3002, 536813567, 5757
3002, 171379255, 1845
3002, 536813567, 5752
3002, 171379255, 1843
3002, 536813567, 5757
3002, 171379255, 1845
3002, 536813567, 5788
3002, 171379255, 1854
3002, 536813567, 5752
3002, 171379255, 1843
3002, 536813567, 5765
3002, 171379255, 1847
3002, 536813567, 5753
3002, 171379255, 1843
3002, 536813567, 5757
3002, 171379255, 1845
3002, 536813567, 5729
3002, 171379255, 1836
3002, 536813567, 5757
3002, 171379255, 1845
3002, 536813567, 5756
3002, 171379255, 1844
3002, 536813567, 5781
3002, 171379255, 1852
3004, 12671249, 0
3004, 6763856, 0
3004, 4830798, 0
3004, 3110398, 0
3004, 2683450, 0
3004, 2326805, 0
3004, 1878667, 0
3004, 1796170, 0
3004, 1749615, 0
3004, 1564458, 0
3004, 1422329, 0
3004, 1327113, 0
3004, 1299131, 0
3004, 1170719, 0
3004, 1133508, 0
3004, 1110694, 0
3004, 1030818, 0
3004, 1033583, 0
3004, 986620, 0
3004, 962842, 0
3004, 930813, 0
3004, 916437, 0
3004, 917512, 0
3004, 869133, 0
3004, 844943, 0
3004, 822369, 0
3004, 822833, 0
3004, 790959, 0
3004, 799705, 0
3004, 783672, 0
3004, 791210, 0
3004, 807118, 0
3004, 814419, 0
3004, 829465, 0
3004, 837504, 0
3004, 852662, 0
3004, 861622, 0
3004, 876358, 0
3004, 899483, 0
3004, 899949, 0
3004, 907927, 0
3004, 945472, 0
3004, 938917, 0
3004, 953874, 0
3004, 968824, 0
3004, 984171, 0
3004, 1007035, 0
3004, 993204, 0
3004, 1015730, 0
3004, 1038789, 0
3004, 1039538, 0
3004, 1069483, 0
3004, 1070180, 0
3004, 1084991, 0
3004, 1101340, 0
3004, 1123994, 0
3004, 1131162, 0
3004, 1147062, 0
3004, 1154699, 0
3004, 1178273, 0
3004, 1178356, 0
3004, 1193725, 0
3004, 1192824, 0
3004, 1216682, 0
3004, 1252285, 0
3004, 1255753, 0
3004, 1270926, 0
3004, 1264274, 0
3004, 1278202, 0
3004, 1308499, 0
3004, 1308860, 0
3004, 1324551, 0
3004, 1333589, 0
3004, 1340982, 0
3004, 1348548, 0
3004, 1372606, 0
3004, 1364581, 0
3004, 1401453, 0
3004, 1403709, 0
3004, 1417990, 0
3004, 1441065, 0
3004, 1455821, 0
3004, 1471557, 0
3004, 1479584, 0
3004, 1487382, 0
3004, 1502273, 0
3004, 1509562, 0
3004, 1540909, 0
3004, 1540492, 0
3004, 1555966, 0
3004, 1564892, 0
3004, 1587282, 0
3004, 1579065, 0
3004, 1611155, 0
3004, 1626782, 0
3004, 1627297, 0
3004, 1634981, 0
3004, 1643004, 0
3004, 1672587, 0
3004, 1688013, 0
3004, 1695786, 0
3004, 1711861, 0
3004, 1726834, 0
3004, 1729165, 0
3004, 1749874, 0
3004, 1766456, 0
3004, 1759048, 0
3004, 1796060, 0
3004, 1812514, 0
3004, 1811746, 0
3004, 1827983, 0
3004, 1842295, 0
3004, 1866641, 0
3004, 1865791, 0
3004, 1889166, 0
3004, 1873282, 0
3004, 1913404, 0
3004, 1927286, 0
3004, 1928813, 0
3004, 1935981, 0
3004, 1935848, 0
3004, 1975401, 0
3004, 1974618, 0
3004, 1998946, 0
3004, 2005075, 0
3004, 2007985, 0
3004, 2029746, 0
3004, 2044889, 0
3004, 2066841, 0
3004, 2083986, 0
3004, 2075908, 0
3004, 2105605, 0
3004, 2114217, 0
3004, 2122739, 0
3004, 2130127, 0
3004, 2160339, 0
3004, 2167985, 0
3004, 2172540, 0
3004, 2184597, 0
3004, 2207966, 0
3004, 2214318, 0
3004, 2230417, 0
3004, 2245810, 0
3004, 2239700, 0
3004, 2277304, 0
3004, 2291752, 0
3004, 2291967, 0
3004, 2315047, 0
3004, 2322761, 0
3004, 2346642, 0
3004, 2347287, 0
3004, 2354298, 0
3004, 2369050, 0
3004, 2384666, 0
3004, 2385949, 0
3004, 2401180, 0
3004, 2424725, 0
3004, 2431701, 0
3004, 2454020, 0
3004, 2463962, 0
3004, 2470280, 0
3004, 2493082, 0
3004, 2508345, 0
3004, 2516572, 0
3004, 2520487, 0
3004, 2540415, 0
3004, 2546546, 0
3004, 2556151, 0
3004, 2578829, 0
3004, 2594408, 0
3004, 2602768, 0
3004, 2625070, 0
3004, 2647808, 0
3004, 2640693, 0
3004, 2655899, 0
3004, 2678258, 0
3004, 2678702, 0
3004, 2701841, 0
3004, 2709867, 0
3004, 2725846, 0
3004, 2740606, 0
3004, 2756778, 0
3004, 2758973, 0
3004, 2779231, 0
3004, 2787147, 0
3004, 2805489, 0
3004, 2810642, 0
3004, 2824182, 0
3004, 2840851, 0
3004, 2849240, 0
3004, 2856508, 0
3004, 2866397, 0
3004, 2873415, 0
3004, 2904379, 0
3004, 2911933, 0
3004, 2928279, 0
3004, 2928348, 0
3004, 2942773, 0
3004, 2957823, 0
3004, 3004263, 0
3004, 2995172, 0
3004, 2989964, 0
3004, 3027396, 0
3004, 3029037, 0
3004, 3036022, 0
3004, 3051013, 0
3004, 3071869, 0
3004, 3073846, 0
3004, 3092784, 0
3004, 3128806, 0
3004, 3088384, 0
3004, 3128276, 0
3004, 3136239, 0
3004, 3151077, 0
3004, 3174484, 0
3004, 3196551, 0
3004, 3197764, 0
3004, 3205155, 0
3004, 3220912, 0
3004, 3237008, 0
3004, 3236592, 0
3004, 3275012, 0
3004, 3267590, 0
3004, 3290505, 0
3004, 3306694, 0
3004, 3302257, 0
3004, 3337453, 0
3004, 3337018, 0
3004, 3353055, 0
3004, 3382295, 0
3004, 3392011, 0
3004, 3397742, 0
3004, 3398895, 0
3004, 3412577, 0
3004, 3436535, 0
3004, 3451815, 0
3004, 3460787, 0
3004, 3459727, 0
3004, 3483145, 0
3004, 3499839, 0
3004, 3514525, 0
3004, 3514700, 0
3004, 3530894, 0
3004, 3538577, 0
3004, 3546640, 0
3004, 3577085, 0
3004, 3569937, 0
3004, 3599831, 0
3004, 3601500, 0
3004, 3615190, 0
3004, 3631965, 0
3004, 3647088, 0
3004, 3662248, 0
3004, 3684809, 0
3004, 3678732, 0
3004, 3708894, 0
3004, 3715839, 0
3004, 3731093, 0
3004, 3740010, 0
3004, 3770440, 0
3004, 3779354, 0
3004, 3771245, 0
3004, 3793043, 0
3004, 3800892, 0
3004, 3832805, 0
3004, 3840126, 0
3004, 3840786, 0
3004, 3855649, 0
3004, 3870924, 0
3004, 3878950, 0
3004, 3909229, 0
3004, 3909338, 0
3004, 3924566, 0
3004, 3933746, 0
3004, 3933828, 0
3004, 3965171, 0
3004, 3971159, 0
3004, 3986584, 0
3004, 3995100, 0
3004, 4010707, 0
3004, 4026103, 0
3004, 4034048, 0
3004, 4056223, 0
3004, 4072659, 0
3004, 4080375, 0
3004, 4102995, 0
3004, 4089263, 0
3004, 4111039, 0
3004, 4126332, 0
3004, 4156567, 0
3004, 4172903, 0
3004, 4165831, 0
3004, 4182093, 0
3004, 4203917, 0
3004, 4212237, 0
3004, 4220040, 0
3004, 4235363, 0
3004, 4242243, 0
3004, 4265598, 0
3004, 4266724, 0
3004, 4281442, 0
3004, 4303970, 0
3004, 4311086, 0
3004, 4327274, 0
3004, 4335107, 0
3004, 4350814, 0
3004, 4366370, 0
3004, 4381236, 0
3004, 4382498, 0
3004, 4405160, 0
3004, 4412880, 0
3004, 4435213, 0
3004, 4436849, 0
3004, 4466973, 0
3004, 4466093, 0
3004, 4482995, 0
3004, 4490483, 0
3004, 4513495, 0
3004, 4528806, 0
3004, 4521474, 0
3004, 4559801, 0
3004, 4559321, 0
3004, 4582556, 0
3004, 4597991, 0
3004, 4605719, 0
3004, 4598869, 0
3004, 4629121, 0
3004, 4637516, 0
3004, 4644816, 0
3004, 4653011, 0
3004, 4667868, 0
3004, 4684404, 0
3004, 4706317, 0
3004, 4729455, 0
3004, 4723750, 0
3004, 4752282, 0
3004, 4760066, 0
3004, 4768783, 0
3004, 4769968, 0
3004, 4784668, 0
3004, 4800197, 0
3004, 4814350, 0
3004, 4845851, 0
3004, 4837558, 0
3004, 4853436, 0
3004, 4869544, 0
3004, 4891651, 0
3004, 4899405, 0
3004, 4908343, 0
3004, 4930269, 0
3004, 4936681, 0
3004, 4954781, 0
3004, 4970318, 0
3004, 4969301, 0
3004, 4992165, 0
3004, 4993528, 0
3004, 5015556, 0
3004, 5024322, 0
3004, 5040715, 0
3004, 5053186, 0
3004, 5062987, 0
3004, 5078638, 0
3004, 5102060, 0
3004, 5101810, 0
3004, 5109162, 0
3004, 5117175, 0
3004, 5139929, 0
3004, 5163567, 0
3004, 5170750, 0
3004, 5195076, 0
3004, 5208945, 0
3004, 5201911, 0
3004, 5224433, 0
3004, 5240881, 0
3004, 5255964, 0
3004, 5257102, 0
3004, 5278798, 0
3004, 5272158, 0
3004, 5287612, 0
3004, 5303548, 0
3004, 5332622, 0
3004, 5339150, 0
3004, 5350751, 0
3004, 5364946, 0
3004, 5372107, 0
3004, 5388134, 0
3004, 5403337, 0
3004, 5411583, 0
3004, 5434017, 0
3004, 5436678, 0
3004, 5464723, 0
3004, 5472736, 0
3004, 5495159, 0
3004, 5488142, 0
3004, 5496995, 0
3004, 5504748, 0
3004, 5519583, 0
3004, 5550043, 0
3004, 5557099, 0
3004, 5569350, 0
3004, 5596473, 0
3004, 5588271, 0
3004, 5619631, 0
3004, 5634706, 0
3004, 5635146, 0
3004, 5650652, 0
3004, 5659597, 0
3004, 5682179, 0
3004, 5682146, 0
3004, 5705454, 0
3004, 5712508, 0
3004, 5735822, 0
3004, 5744048, 0
3004, 5759007, 0
3004, 5767201, 0
3004, 5767383, 0
3004, 5790063, 0
3004, 5798361, 0
3004, 5835660, 0
3004, 5829211, 0
3004, 5829434, 0
3004, 5846406, 0
3004, 5867939, 0
3004, 5883489, 0
3004, 5891114, 0
3004, 5922117, 0
3004, 5928756, 0
3004, 5943274, 0
3004, 5945132, 0
3004, 5961342, 0
3004, 5972017, 0
3004, 5976346, 0
3004, 5999563, 0
3004, 6015811, 0
3004, 6029824, 0
3004, 6030617, 0
3004, 6060438, 0
3004, 6055971, 0
3004, 6083874, 0
3004, 6099453, 0
3004, 6114377, 0
3004, 6115695, 0
3004, 6130542, 0
3004, 6153132, 0
3004, 6153770, 0
3004, 6155537, 0
3004, 6183541, 0
3004, 6185716, 0
3004, 6216147, 0
3004, 6223915, 0
3004, 6224684, 0
3004, 6247723, 0
3004, 6254851, 0
3004, 6271045, 0
3004, 6277684, 0
3004, 6293584, 0
3004, 6307901, 0
3004, 6324234, 0
3004, 6331078, 0
3004, 6354238, 0
3004, 6363341, 0
3004, 6379207, 0
3004, 6393501, 0
3004, 6401867, 0
3004, 6409325, 0
3004, 6425326, 0
3004, 6440492, 0
3004, 6440850, 0
3004, 6463407, 0
3004, 6471785, 0
3004, 6509527, 0
3004, 6495557, 0
3004, 6518518, 0
3004, 6533541, 0
3004, 6556176, 0
3004, 6527731, 0
3004, 6571800, 0
3004, 6596142, 0
3004, 6595488, 0
3004, 6610416, 0
3004, 6625734, 0
3004, 6773221, 0
3004, 7727725, 0
3004, 7481898, 0
3004, 8135907, 0
3004, 8034848, 0
3004, 8585876, 0
3004, 8738989, 0
3004, 9149923, 0
3004, 8878644, 0
3004, 9987960, 0
3004, 10823390, 0
3004, 10565620, 0
3004, 9868534, 0
3004, 13792787, 0
3004, 12927973, 0
3004, 13507620, 0
3004, 15445042, 0
3004, 16721543, 0
3004, 15760492, 0
3004, 9174554, 0
3004, 4838563, 0
3004, 3796057, 0
3004, 3026844, 0
3004, 2627620, 0
3004, 2360587, 0
3004, 2213935, 0
3004, 1884408, 0
3004, 1713379, 0
3004, 1553051, 0
3004, 1429733, 0
3004, 1399485, 0
3004, 1272851, 0
3004, 1231096, 0
3004, 1181662, 0
3004, 1079540, 0
3004, 1062967, 0
3004, 1015765, 0
3004, 977798, 0
3004, 938466, 0
3004, 924046, 0
3004, 924437, 0
3004, 901155, 0
3004, 869424, 0
3004, 854463, 0
3004, 814216, 0
3004, 815310, 0
3004, 824251, 0
3004, 808690, 0
3004, 778299, 0
3004, 821121, 0
3004, 792115, 0
3004, 806731, 0
3004, 816086, 0
3004, 838698, 0
3004, 853367, 0
3004, 875954, 0
3004, 884271, 0
3004, 892137, 0
3004, 900227, 0
3004, 931308, 0
3004, 931327, 0
3004, 945894, 0
3004, 961343, 0
3004, 969110, 0
3004, 984044, 0
3004, 986094, 0
3004, 1014184, 0
3004, 1022654, 0
3004, 1030885, 0
3004, 1061672, 0
3004, 1062129, 0
3004, 1071637, 0
3004, 1093410, 0
3004, 1101508, 0
3004, 1122800, 0
3004, 1138165, 0
3004, 1139558, 0
3004, 1154292, 0
3004, 1169841, 0
3004, 1177845, 0
3004, 1199531, 0
3004, 1201220, 0
3004, 1208965, 0
3004, 1224090, 0
3004, 1249073, 0
3004, 1261932, 0
3004, 1270753, 0
3004, 1286594, 0
3004, 1302681, 0
3004, 1308615, 0
3004, 1325128, 0
3004, 1340334, 0
3004, 1348024, 0
3004, 1363746, 0
3004, 1370814, 0
3004, 1388452, 0
3004, 1408787, 0
3004, 1424921, 0
3004, 1417458, 0
3004, 1426833, 0
3004, 1441185, 0
3004, 1471560, 0
3004, 1479354, 0
3004, 1487658, 0
3004, 1496045, 0
3004, 1548175, 0
3004, 1541406, 0
3004, 1534016, 0
3004, 1564525, 0
3004, 1563630, 0
3004, 1589334, 0
3004, 1603238, 0
3004, 1612068, 0
3004, 1611738, 0
3004, 1635439, 0
3004, 1650764, 0
3004, 1650494, 0
3004, 1672670, 0
3004, 1689968, 0
3004, 1696875, 0
3004, 1712176, 0
3004, 1720721, 0
3004, 1735273, 0
3004, 1751586, 0
3004, 1765816, 0
3004, 1767458, 0
3004, 1796212, 0
3004, 1797029, 0
3004, 1812827, 0
3004, 1835519, 0
3004, 1846007, 0
3004, 1859573, 0
3004, 1873605, 0
3004, 1889600, 0
3004, 1913226, 0
3004, 1896011, 0
3004, 1914182, 0
3004, 1928335, 0
3004, 1937698, 0
3004, 1952934, 0
3004, 1973963, 0
3004, 1990637, 0
3004, 1991005, 0
3004, 2014503, 0
3004, 2029331, 0
3004, 2037263, 0
3004, 2053001, 0
3004, 2052144, 0
3004, 2076450, 0
3004, 2076330, 0
3004, 2100044, 0
3004, 2121785, 0
3004, 2123402, 0
3004, 2137949, 0
3004, 2152892, 0
3004, 2161226, 0
3004, 2176580, 0
3004, 2199130, 0
3004, 2214742, 0
3004, 2230500, 0
3004, 2223738, 0
3004, 2245912, 0
3004, 2254938, 0
3004, 2276579, 0
3004, 2292003, 0
3004, 2300430, 0
3004, 2300935, 0
3004, 2323121, 0
3004, 2331342, 0
3004, 2339089, 0
3004, 2353940, 0
3004, 2376892, 0
3004, 2385201, 0
3004, 2400379, 0
3004, 2415916, 0
3004, 2424274, 0
3004, 2438987, 0
3004, 2447519, 0
3004, 2456083, 0
3004, 2471182, 0
3004, 2501364, 0
3004, 2494006, 0
3004, 2508629, 0
3004, 2539480, 0
3004, 2532516, 0
3004, 2547959, 0
3004, 2562621, 0
3004, 2584341, 0
3004, 2586218, 0
3004, 2617134, 0
3004, 2632483, 0
3004, 2647376, 0
3004, 2655925, 0
3004, 2648115, 0
3004, 2664383, 0
3004, 2679022, 0
3004, 2687832, 0
3004, 2701699, 0
3004, 2718287, 0
3004, 2726133, 0
3004, 2748865, 0
3004, 2749259, 0
3004, 2771945, 0
3004, 2787723, 0
3004, 2796536, 0
3004, 2803733, 0
3004, 2833631, 0
3004, 2834041, 0
3004, 2857278, 0
3004, 2880576, 0
3004, 2873306, 0
3004, 2895732, 0
3004, 2902958, 0
3004, 2910601, 0
3004, 2927309, 0
3004, 2935489, 0
3004, 2957955, 0
3004, 2966044, 0
3004, 2972921, 0
3004, 2981363, 0
3004, 2996372, 0
3004, 3020151, 0
3004, 3033106, 0
3004, 3028438, 0
3004, 3051355, 0
3004, 3073092, 0
3004, 3081139, 0
3004, 3089693, 0
3004, 3104562, 0
3004, 3120717, 0
3004, 3137917, 0
3004, 3151297, 0
3004, 3158698, 0
3004, 3182144, 0
3004, 3183599, 0
3004, 3189325, 0
3004, 3212366, 0
3004, 3223257, 0
3004, 3251416, 0
3004, 3236683, 0
3004, 3274566, 0
3004, 3267066, 0
3004, 3297038, 0
3004, 3314122, 0
3004, 3328086, 0
3004, 3343987, 0
3004, 3344074, 0
3004, 3353119, 0
3004, 3368124, 0
3004, 3375371, 0
3004, 3383745, 0
3004, 3421385, 0
3004, 3421291, 0
3004, 3437860, 0
3004, 3445029, 0
3004, 3445692, 0
3004, 3467826, 0
3004, 3475944, 0
3004, 3506606, 0
3004, 3514667, 0
3004, 3522531, 0
3004, 3545721, 0
3004, 3552690, 0
3004, 3552525, 0
3004, 3599862, 0
3004, 3577298, 0
3004, 3600646, 0
3004, 3615645, 0
3004, 3638793, 0
3004, 3639491, 0
3004, 3668602, 0
3004, 3669037, 0
3004, 3684163, 0
3004, 3715616, 0
3004, 3708131, 0
3004, 3719002, 0
3004, 3724810, 0
3004, 3747000, 0
3004, 3769508, 0
3004, 3762323, 0
3004, 3785373, 0
3004, 3793943, 0
3004, 3807796, 0
3004, 3839031, 0
3004, 3846908, 0
3004, 3855365, 0
3004, 3870007, 0
3004, 3871399, 0
3004, 3910246, 0
3004, 3895021, 0
3004, 3902469, 0
3004, 3925234, 0
3004, 3924623, 0
3004, 3955695, 0
3004, 3979281, 0
3004, 3971772, 0
3004, 3993870, 0
3004, 4003926, 0
3004, 4026522, 0
3004, 4018307, 0
3004, 4041494, 0
3004, 4049109, 0
3004, 4072516, 0
3004, 4079774, 0
3004, 4087991, 0
3004, 4117943, 0
3004, 4120093, 0
3004, 4134287, 0
3004, 4156317, 0
3004, 4158048, 0
3004, 4173108, 0
3004, 4187501, 0
3004, 4197012, 0
3004, 4210621, 0
3004, 4219200, 0
3004, 4232343, 0
3004, 4250387, 0
3004, 4258314, 0
3004, 4281869, 0
3004, 4289052, 0
3004, 4289930, 0
3004, 4311910, 0
3004, 4319528, 0
3004, 4335009, 0
3004, 4358744, 0
3004, 4380870, 0
3004, 4381973, 0
3004, 4381964, 0
3004, 4413374, 0
3004, 4414257, 0
3004, 4435976, 0
3004, 4436237, 0
3004, 4465909, 0
3004, 4489236, 0
3004, 4496839, 0
3004, 4504069, 0
3004, 4506423, 0
3004, 4551317, 0
3004, 4543950, 0
3004, 4544089, 0
3004, 4559521, 0
3004, 4575560, 0
3004, 4590192, 0
3004, 4584170, 0
3004, 4613462, 0
3004, 4621264, 0
3004, 4636751, 0
3004, 4651620, 0
3004, 4660087, 0
3004, 4683114, 0
3004, 4699235, 0
3004, 4697805, 0
3004, 4714141, 0
3004, 4767862, 0
3004, 4753820, 0
3004, 4760907, 0
3004, 4767921, 0
3004, 4799705, 0
3004, 4792389, 0
3004, 4808452, 0
3004, 4822806, 0
3004, 4839131, 0
3004, 4831402, 0
3004, 4862702, 0
3004, 4854788, 0
3004, 4889904, 0
3004, 4899843, 0
3004, 4919148, 0
3004, 4938937, 0
3004, 4931552, 0
3004, 4953826, 0
3004, 4961932, 0
3004, 4976745, 0
3004, 4985645, 0
3004, 5001079, 0
3004, 5015712, 0
3004, 5031591, 0
3004, 5032132, 0
3004, 5061551, 0
3004, 5070159, 0
3004, 5084996, 0
3004, 5086064, 0
3004, 5117115, 0
3004, 5101619, 0
3004, 5139850, 0
3004, 5132719, 0
3004, 5156535, 0
3004, 5149408, 0
3004, 5177855, 0
3004, 5201309, 0
3004, 5217530, 0
3004, 5211004, 0
3004, 5233298, 0
3004, 5256499, 0
3004, 5271445, 0
3004, 5272160, 0
3004, 5279080, 0
3004, 5302908, 0
3004, 5310177, 0
3004, 5326415, 0
3004, 5340913, 0
3004, 5349468, 0
3004, 5350208, 0
3004, 5402160, 0
3004, 5382017, 0
3004, 5402380, 0
3004, 5432877, 0
3004, 5418654, 0
3004, 5437510, 0
3004, 5457039, 0
3004, 5480746, 0
3004, 5473685, 0
3004, 5495791, 0
3004, 5496318, 0
3004, 5504086, 0
3004, 5534622, 0
3004, 5550567, 0
3004, 5550666, 0
3004, 5566079, 0
3004, 5590711, 0
3004, 5604617, 0
3004, 5612040, 0
3004, 5620259, 0
3004, 5643984, 0
3004, 5658365, 0
3004, 5680955, 0
3004, 5682778, 0
3004, 5683064, 0
3004, 5711104, 0
3004, 5720457, 0
3004, 5728413, 0
3004, 5735655, 0
3004, 5756762, 0
3004, 5759617, 0
3004, 5781623, 0
3004, 5797098, 0
3004, 5798317, 0
3004, 5812894, 0
3004, 5836381, 0
3004, 5844769, 0
3004, 5860081, 0
3004, 5875141, 0
3004, 5875756, 0
3004, 5898204, 0
3004, 5906667, 0
3004, 5922293, 0
3004, 5944660, 0
3004, 5938357, 0
3004, 5975684, 0
3004, 5968737, 0
3004, 5976913, 0
3004, 6006453, 0
3004, 6029175, 0
3004, 6015429, 0
3004, 6045990, 0
3004, 6054325, 0
3004, 6068422, 0
3004, 6075687, 0
3004, 6091877, 0
3004, 6111042, 0
3004, 6121229, 0
3004, 6131086, 0
3004, 6131619, 0
3004, 6154231, 0
3004, 6161611, 0
3004, 6169955, 0
3004, 6184787, 0
3004, 6200847, 0
3004, 6222964, 0
3004, 6231722, 0
3004, 6245823, 0
3004, 6262109, 0
3004, 6278009, 0
3004, 6285409, 0
3004, 6293756, 0
3004, 6316619, 0
3004, 6339099, 0
3004, 6355277, 0
3004, 6362737, 0
3004, 6362585, 0
3004, 6377259, 0
3004, 6386431, 0
3004, 6409053, 0
3004, 6402523, 0
3004, 6425701, 0
3004, 6426408, 0
3004, 6455037, 0
3004, 6463847, 0
3004, 6478281, 0
3004, 6494543, 0
3004, 6510379, 0
3004, 6518308, 0
3004, 6540673, 0
3004, 6570740, 0
3004, 6564018, 0
3004, 6572378, 0
3004, 6610520, 0
3004, 6594919, 0
3004, 6610933, 0
3004, 6619843, 0
3004, 7037795, 0
3004, 7197902, 0
3004, 7866919, 0
3004, 7899322, 0
3004, 8041889, 0
3004, 8166771, 0
3004, 9533249, 0
3004, 8468208, 0
3004, 8167470, 0
3004, 9993478, 0
3004, 9868111, 0
3004, 11388438, 0
3004, 11680745, 0
3004, 12370623, 0
3004, 12670676, 0
3004, 13660585, 0
3004, 15317853, 0
3004, 16965501, 0
3004, 18687665, 0
3004, 12863200, 0
3004, 5770787, 0
3004, 4818921, 0
3004, 3306734, 0
3004, 2736058, 0
3004, 2169684, 0
3004, 1936906, 0
3004, 2076137, 0
3004, 1645143, 0
3004, 1535528, 0
3004, 1445315, 0
3004, 1377649, 0
3004, 1287177, 0
3004, 1155033, 0
3004, 1140377, 0
3004, 1109627, 0
3004, 1062706, 0
3004, 1007080, 0
3004, 1000590, 0
3004, 981074, 0
3004, 912335, 0
3004, 916177, 0
3004, 869170, 0
3004, 862461, 0
3004, 855532, 0
3004, 827126, 0
3004, 858214, 0
3004, 809365, 0
3004, 801969, 0
3004, 797853, 0
3004, 769021, 0
3004, 757961, 0
3004, 738579, 0
3004, 734636, 0
3004, 722651, 0
3004, 707099, 0
3004, 697841, 0
3004, 683414, 0
3004, 683998, 0
3004, 675463, 0
3004, 672276, 0
3004, 668333, 0
3004, 659993, 0
3004, 652977, 0
3004, 645395, 0
3004, 632223, 0
3004, 628687, 0
3004, 633238, 0
3004, 620057, 0
3004, 617532, 0
3004, 613327, 0
3004, 613300, 0
3004, 613336, 0
3004, 600677, 0
3004, 603353, 0
3004, 593732, 0
3004, 589670, 0
3004, 590042, 0
3004, 581734, 0
3004, 581742, 0
3004, 582082, 0
3004, 590212, 0
3004, 607638, 0
3004, 605037, 0
3004, 612790, 0
3004, 636411, 0
3004, 643532, 0
3004, 643642, 0
3004, 635516, 0
3004, 639012, 0
3004, 650993, 0
3004, 667068, 0
3004, 674630, 0
3004, 676068, 0
3004, 674866, 0
3004, 682583, 0
3004, 689850, 0
3004, 691015, 0
3004, 721054, 0
3004, 721090, 0
3004, 714326, 0
3004, 721058, 0
3004, 744364, 0
3004, 743834, 0
3004, 752627, 0
3004, 751853, 0
3004, 774695, 0
3004, 751749, 0
3004, 775494, 0
3004, 775627, 0
3004, 790092, 0
3004, 790667, 0
3004, 799729, 0
3004, 799166, 0
3004, 814092, 0
3004, 821384, 0
3004, 821927, 0
3004, 821808, 0
3004, 852620, 0
3004, 859561, 0
3004, 852581, 0
3004, 852423, 0
3004, 859868, 0
3004, 868801, 0
3004, 868147, 0
3004, 859780, 0
3004, 890865, 0
3004, 891080, 0
3004, 891571, 0
3004, 907063, 0
3004, 906647, 0
3004, 914684, 0
3004, 914349, 0
3004, 937390, 0
3004, 937980, 0
3004, 945985, 0
3004, 953065, 0
3004, 960853, 0
3004, 968038, 0
3004, 976432, 0
3004, 976621, 0
3004, 984821, 0
3004, 992133, 0
3004, 992375, 0
3004, 1000362, 0
3004, 1015211, 0
3004, 1030757, 0
3004, 1030741, 0
3004, 1030687, 0
3004, 1030619, 0
3004, 1045632, 0
3004, 1054249, 0
3004, 1076849, 0
3004, 1070003, 0
3004, 1083575, 0
3004, 1071062, 0
3004, 1084340, 0
3004, 1084740, 0
3004, 1100097, 0
3004, 1100773, 0
3004, 1116566, 0
3004, 1107509, 0
3004, 1131354, 0
3004, 1124285, 0
3004, 1132235, 0
3004, 1138590, 0
3004, 1147776, 0
3004, 1154584, 0
3004, 1162740, 0
3004, 1155268, 0
3004, 1169549, 0
3004, 1184559, 0
3004, 1192639, 0
3004, 1192590, 0
3004, 1200716, 0
3004, 1206879, 0
3004, 1209423, 0
3004, 1215975, 0
3004, 1224045, 0
3004, 1231183, 0
3004, 1239612, 0
3004, 1239771, 0
3004, 1256374, 0
3004, 1248052, 0
3004, 1269852, 0
3004, 1269995, 0
3004, 1277812, 0
3004, 1279104, 0
3004, 1293682, 0
3004, 1300276, 0
3004, 1316379, 0
3004, 1308838, 0
3004, 1317041, 0
3004, 1324584, 0
3004, 1338322, 0
3004, 1333715, 0
3004, 1344849, 0
3004, 1355531, 0
3004, 1355317, 0
3004, 1363807, 0
3004, 1362741, 0
3004, 1385302, 0
3004, 1393273, 0
3004, 1370257, 0
3004, 1408555, 0
3004, 1417340, 0
3004, 1419215, 0
3004, 1418203, 0
3004, 1431730, 0
3004, 1411359, 0
3004, 1420867, 0
3004, 1455527, 0
3004, 1447887, 0
3004, 1457446, 0
3004, 1455658, 0
3004, 1473791, 0
3004, 1471987, 0
3004, 1463992, 0
3004, 1479927, 0
3004, 1487248, 0
3004, 1517951, 0
3004, 1509336, 0
3004, 1518454, 0
3004, 1509941, 0
3004, 1534255, 0
3004, 1525503, 0
3004, 1540443, 0
3004, 1541059, 0
3004, 1571423, 0
3004, 1557681, 0
3004, 1573041, 0
3004, 1564827, 0
3004, 1578700, 0
3004, 1572527, 0
3004, 1596133, 0
3004, 1588485, 0
3004, 1611055, 0
3004, 1610609, 0
3004, 1625366, 0
3004, 1625792, 0
3004, 1634315, 0
3004, 1626287, 0
3004, 1641480, 0
3004, 1634480, 0
3004, 1672313, 0
3004, 1657032, 0
3004, 1664698, 0
3004, 1672364, 0
3004, 1680786, 0
3004, 1680981, 0
3004, 1703334, 0
3004, 1695917, 0
3004, 1695670, 0
3004, 1719832, 0
3004, 1718807, 0
3004, 1720087, 0
3004, 1727285, 0
3004, 1734617, 0
3004, 1742073, 0
3004, 1750229, 0
3004, 1757026, 0
3004, 1758820, 0
3004, 1774190, 0
3004, 1781684, 0
3004, 1782611, 0
3004, 1789407, 0
3004, 1797469, 0
3004, 1812358, 0
3004, 1828171, 0
3004, 1813009, 0
3004, 1826599, 0
3004, 1827660, 0
3004, 1843120, 0
3004, 1843810, 0
3004, 1858823, 0
3004, 1850418, 0
3004, 1870561, 0
3004, 1873005, 0
3004, 1882324, 0
3004, 1867056, 0
3004, 1890002, 0
3004, 1889697, 0
3004, 1904983, 0
3004, 1904954, 0
3004, 1921215, 0
3004, 1913371, 0
3004, 1928092, 0
3004, 1920022, 0
3004, 1944735, 0
3004, 1935637, 0
3004, 1952087, 0
3004, 1951996, 0
3004, 1965768, 0
3004, 1966554, 0
3004, 1975311, 0
3004, 1974379, 0
3004, 1989471, 0
3004, 1996967, 0
3004, 2006367, 0
3004, 2005895, 0
3004, 2021101, 0
3004, 2014051, 0
3004, 2036102, 0
3004, 2036567, 0
3004, 2051427, 0
3004, 2043885, 0
3004, 2051522, 0
3004, 2068135, 0
3004, 2067222, 0
3004, 2067080, 0
3004, 2090909, 0
3004, 2083322, 0
3004, 2090256, 0
3004, 2098439, 0
3004, 2120555, 0
3004, 2107895, 0
3004, 2122903, 0
3004, 2129105, 0
3004, 2136815, 0
3004, 2144820, 0
3004, 2144521, 0
3004, 2152830, 0
3004, 2163440, 0
3004, 2168946, 0
3004, 2175230, 0
3004, 2175768, 0
3004, 2183014, 0
3004, 2192778, 0
3004, 2207480, 0
3004, 2199387, 0
3004, 2221770, 0
3004, 2214121, 0
3004, 2222427, 0
3004, 2229608, 0
3004, 2245640, 0
3004, 2238508, 0
3004, 2253961, 0
3004, 2253404, 0
3004, 2269387, 0
3004, 2269007, 0
3004, 2276753, 0
3004, 2292489, 0
3004, 2299630, 0
3004, 2291790, 0
3004, 2308221, 0
3004, 2299726, 0
3004, 2316587, 0
3004, 2315353, 0
3004, 2337879, 0
3004, 2338500, 0
3004, 2346749, 0
3004, 2330703, 0
3004, 2354136, 0
3004, 2361350, 0
3004, 2370083, 0
3004, 2361287, 0
3004, 2377994, 0
3004, 2385162, 0
3004, 2393163, 0
3004, 2399939, 0
3004, 2415218, 0
3004, 2407606, 0
3004, 2416112, 0
3004, 2424239, 0
3004, 2438107, 0
3004, 2431499, 0
3004, 2439185, 0
3004, 2454710, 0
3004, 2454078, 0
3004, 2460118, 0
3004, 2461961, 0
3004, 2469644, 0
3004, 2491113, 0
3004, 2492921, 0
3004, 2493039, 0
3004, 2493709, 0
3004, 2514025, 0
3004, 2516256, 0
3004, 2523645, 0
3004, 2531880, 0
3004, 2531366, 0
3004, 2562132, 0
3004, 2554785, 0
3004, 2526791, 0
3004, 2550032, 0
3004, 2573739, 0
3004, 2609865, 0
3004, 2577872, 0
3004, 2624073, 0
3004, 2602234, 0
3004, 2579911, 0
3004, 2580021, 0
3004, 2624113, 0
3004, 2617257, 0
3004, 2617336, 0
3004, 2640370, 0
3004, 2640702, 0
3004, 2640339, 0
3004, 2641114, 0
3004, 2647601, 0
3004, 2664259, 0
3004, 2670957, 0
3004, 2686619, 0
3004, 2686342, 0
3004, 2678974, 0
3004, 2693877, 0
3004, 2717570, 0
3004, 2709300, 0
3004, 2710600, 0
3004, 2717641, 0
3004, 2733149, 0
3004, 2732509, 0
3004, 2749329, 0
3004, 2732090, 0
3004, 2748033, 0
3004, 2763067, 0
3004, 2771670, 0
3004, 2771299, 0
3004, 2780271, 0
3004, 2794637, 0
3004, 2787572, 0
3004, 2795070, 0
3004, 2802423, 0
3004, 2802369, 0
3004, 2818350, 0
3004, 2825500, 0
3004, 2840897, 0
3004, 2826248, 0
3004, 2855927, 0
3004, 2834185, 0
3004, 2848816, 0
3004, 2848311, 0
3004, 2864219, 0
3004, 2872608, 0
3004, 2895161, 0
3004, 2894456, 0
3004, 2906552, 0
3004, 2911771, 0
3004, 2898596, 0
3004, 2905868, 0
3004, 2921423, 0
3004, 2933685, 0
3004, 2934653, 0
3004, 2941764, 0
3004, 2949325, 0
3004, 2949035, 0
3004, 2965530, 0
3004, 2956979, 0
3004, 2988061, 0
3004, 2950758, 0
3004, 2996327, 0
3004, 2989125, 0
3004, 3003635, 0
3004, 3002924, 0
3004, 3019347, 0
3004, 3026652, 0
3004, 3034929, 0
3004, 3034862, 0
3004, 3042776, 0
3004, 3043544, 0
3004, 3050650, 0
3004, 3049785, 0
3004, 3065988, 0
3004, 3065452, 0
3004, 3074334, 0
3004, 3081084, 0
3004, 3066529, 0
3004, 3101866, 0
3004, 3097630, 0
3004, 3111979, 0
3004, 3177362, 0
3004, 3183979, 0
3004, 3259516, 0
3004, 3251375, 0
3004, 3398630, 0
3004, 3398627, 0
3004, 3522586, 0
3004, 3604650, 0
3004, 3802080, 0
3004, 3677124, 0
3004, 3890111, 0
3004, 3890058, 0
3004, 4029402, 0
3004, 4022308, 0
3004, 4168684, 0
3004, 4161540, 0
3004, 4440060, 0
3004, 4513842, 0
3004, 4587472, 0
3004, 4785055, 0
3004, 4924316, 0
3004, 5005111, 0
3004, 5144596, 0
3004, 5355919, 0
3004, 5489672, 0
3004, 5973701, 0
3004, 5782344, 0
3004, 5914327, 0
3004, 6266707, 0
3004, 6340395, 0
3004, 6824842, 0
3004, 6824852, 0
3004, 7316289, 0
3004, 7675585, 0
3004, 7894809, 0
3004, 8284877, 0
3004, 8167297, 0
3004, 8982277, 0
3004, 9790233, 0
3004, 10317158, 0
3004, 10534284, 0
3004, 10684436, 0
3004, 11381478, 0
3004, 12656986, 0
3004, 13134714, 0
3004, 13839125, 0
3004, 14675458, 0
3004, 16897872, 0
3004, 17066511, 0
3004, 19987457, 0
3004, 13796411, 0
3004, 5010615, 0
3004, 4081990, 0
3004, 3256414, 0
3004, 2676953, 0
3004, 2354687, 0
3004, 2254771, 0
3004, 1861042, 0
3004, 1568161, 0
3004, 1538349, 0
3004, 1456107, 0
3004, 1294102, 0
3004, 1260575, 0
3004, 1193366, 0
3004, 1155712, 0
3004, 1107937, 0
3004, 1057962, 0
3004, 1047573, 0
3004, 995793, 0
3004, 959644, 0
3004, 961407, 0
3004, 913434, 0
3004, 889724, 0
3004, 848783, 0
3004, 850292, 0
3004, 842319, 0
3004, 822901, 0
3004, 803477, 0
3004, 804335, 0
3004, 777215, 0
3004, 755559, 0
3004, 749861, 0
3004, 746714, 0
3004, 722268, 0
3004, 718909, 0
3004, 702224, 0
3004, 685155, 0
3004, 692029, 0
3004, 682562, 0
3004, 698852, 0
3004, 653858, 0
3004, 661604, 0
3004, 656290, 0
3004, 654281, 0
3004, 619856, 0
3004, 645246, 0
3004, 632758, 0
3004, 620563, 0
3004, 619796, 0
3004, 616841, 0
3004, 615245, 0
3004, 615602, 0
3004, 583992, 0
3004, 605268, 0
3004, 588097, 0
3004, 588713, 0
3004, 598452, 0
3004, 581129, 0
3004, 580561, 0
3004, 582103, 0
3004, 588866, 0
3004, 590062, 0
3004, 619603, 0
3004, 604150, 0
3004, 612407, 0
3004, 628126, 0
3004, 629278, 0
3004, 635176, 0
3004, 643633, 0
3004, 643163, 0
3004, 674507, 0
3004, 659178, 0
3004, 658707, 0
3004, 666624, 0
3004, 690015, 0
3004, 681826, 0
3004, 697856, 0
3004, 689448, 0
3004, 697909, 0
3004, 712116, 0
3004, 714336, 0
3004, 729872, 0
3004, 729991, 0
3004, 728235, 0
3004, 743875, 0
3004, 745103, 0
3004, 775096, 0
3004, 759388, 0
3004, 782461, 0
3004, 760621, 0
3004, 775836, 0
3004, 775732, 0
3004, 798525, 0
3004, 798085, 0
3004, 806885, 0
3004, 798319, 0
3004, 815491, 0
3004, 814588, 0
3004, 837266, 0
3004, 851332, 0
3004, 851107, 0
3004, 852849, 0
3004, 868347, 0
3004, 867611, 0
3004, 875762, 0
3004, 854288, 0
3004, 898307, 0
3004, 891523, 0
3004, 884989, 0
3004, 901676, 0
3004, 905485, 0
3004, 906092, 0
3004, 944046, 0
3004, 916575, 0
3004, 946359, 0
3004, 951827, 0
3004, 967337, 0
3004, 968498, 0
3004, 967294, 0
3004, 968956, 0
3004, 970144, 0
3004, 976534, 0
3004, 992068, 0
3004, 1006773, 0
3004, 999479, 0
3004, 1021350, 0
3004, 1021469, 0
3004, 1025422, 0
3004, 1021971, 0
3004, 1022153, 0
3004, 1046814, 0
3004, 1083684, 0
3004, 1048273, 0
3004, 1061741, 0
3004, 1075625, 0
3004, 1069971, 0
3004, 1075662, 0
3004, 1129702, 0
3004, 1137428, 0
3004, 1099251, 0
3004, 1138043, 0
3004, 1099898, 0
3004, 1131630, 0
3004, 1123547, 0
3004, 1123571, 0
3004, 1144781, 0
3004, 1138176, 0
3004, 1125148, 0
3004, 1191863, 0
3004, 1140473, 0
3004, 1184036, 0
3004, 1187448, 0
3004, 1193358, 0
3004, 1184180, 0
3004, 1191539, 0
3004, 1188560, 0
3004, 1230653, 0
3004, 1201233, 0
3004, 1238011, 0
3004, 1195763, 0
3004, 1240105, 0
3004, 1248247, 0
3004, 1238154, 0
3004, 1257568, 0
3004, 1238510, 0
3004, 1247984, 0
3004, 1278357, 0
3004, 1249882, 0
3004, 1264642, 0
3004, 1299947, 0
3004, 1302248, 0
3004, 1316784, 0
3004, 1293927, 0
3004, 1304636, 0
3004, 1322377, 0
3004, 1311724, 0
3004, 1340207, 0
3004, 1347059, 0
3004, 1355747, 0
3004, 1354504, 0
3004, 1355324, 0
3004, 1370446, 0
3004, 1386633, 0
3004, 1395304, 0
3004, 1408397, 0
3004, 1408442, 0
3004, 1408249, 0
3004, 1437973, 0
3004, 1423740, 0
3004, 1413657, 0
3004, 1439250, 0
3004, 1419353, 0
3004, 1470748, 0
3004, 1449816, 0
3004, 1462558, 0
3004, 1458954, 0
3004, 1466683, 0
3004, 1459986, 0
3004, 1463071, 0
3004, 1500871, 0
3004, 1488938, 0
3004, 1481933, 0
3004, 1524860, 0
3004, 1510917, 0
3004, 1526720, 0
3004, 1518988, 0
3004, 1570882, 0
3004, 1549679, 0
3004, 1548280, 0
3004, 1548153, 0
3004, 1557054, 0
3004, 1536398, 0
3004, 1570945, 0
3004, 1593135, 0
3004, 1586296, 0
3004, 1594082, 0
3004, 1603282, 0
3004, 1596301, 0
3004, 1611118, 0
3004, 1618333, 0
3004, 1620019, 0
3004, 1633777, 0
3004, 1641953, 0
3004, 1641548, 0
3004, 1649911, 0
3004, 1664581, 0
3004, 1666818, 0
3004, 1681191, 0
3004, 1680545, 0
3004, 1681311, 0
3004, 1689289, 0
3004, 1703045, 0
3004, 1710771, 0
3004, 1687882, 0
3004, 1719199, 0
3004, 1718839, 0
3004, 1741117, 0
3004, 1745284, 0
3004, 1741217, 0
3004, 1741896, 0
3004, 1779795, 0
3004, 1742566, 0
3004, 1795430, 0
3004, 1752946, 0
3004, 1788088, 0
3004, 1790327, 0
3004, 1803644, 0
3004, 1804880, 0
3004, 1820570, 0
3004, 1812784, 0
3004, 1828413, 0
3004, 1820056, 0
3004, 1843643, 0
3004, 1828439, 0
3004, 1850168, 0
3004, 1842701, 0
3004, 1867029, 0
3004, 1881265, 0
3004, 1887826, 0
3004, 1873586, 0
3004, 1886788, 0
3004, 1889644, 0
3004, 1911773, 0
3004, 1896091, 0
3004, 1911793, 0
3004, 1905198, 0
3004, 1912837, 0
3004, 1913488, 0
3004, 1943579, 0
3004, 1943336, 0
3004, 1955485, 0
3004, 1958946, 0
3004, 1958610, 0
3004, 1959177, 0
3004, 1989461, 0
3004, 1958308, 0
3004, 2012036, 0
3004, 1961335, 0
3004, 1961846, 0
3004, 1984847, 0
3004, 2012022, 0
3004, 2013512, 0
3004, 2012411, 0
3004, 2021563, 0
3004, 2030802, 0
3004, 2036241, 0
3004, 2036847, 0
3004, 2059057, 0
3004, 2075536, 0
3004, 2075491, 0
3004, 2083231, 0
3004, 2074815, 0
3004, 2090166, 0
3004, 2068635, 0
3004, 2128249, 0
3004, 2085601, 0
3004, 2113911, 0
3004, 2129236, 0
3004, 2128040, 0
3004, 2129769, 0
3004, 2182217, 0
3004, 2139284, 0
3004, 2145217, 0
3004, 2182570, 0
3004, 2182828, 0
3004, 2187472, 0
3004, 2182461, 0
3004, 2221327, 0
3004, 2230412, 0
3004, 2237418, 0
3004, 2182712, 0
3004, 2208724, 0
3004, 2236502, 0
3004, 2237473, 0
3004, 2238734, 0
3004, 2245329, 0
3004, 2284706, 0
3004, 2244529, 0
3004, 2276904, 0
3004, 2253756, 0
3004, 2277138, 0
3004, 2283976, 0
3004, 2299009, 0
3004, 2283628, 0
3004, 2322964, 0
3004, 2285024, 0
3004, 2322995, 0
3004, 2308302, 0
3004, 2322934, 0
3004, 2330778, 0
3004, 2345442, 0
3004, 2346511, 0
3004, 2353996, 0
3004, 2347166, 0
3004, 2383695, 0
3004, 2346587, 0
3004, 2399023, 0
3004, 2391477, 0
3004, 2392117, 0
3004, 2393481, 0
3004, 2408200, 0
3004, 2406937, 0
3004, 2437649, 0
3004, 2423059, 0
3004, 2438448, 0
3004, 2424449, 0
3004, 2439130, 0
3004, 2439171, 0
3004, 2462314, 0
3004, 2470046, 0
3004, 2470167, 0
3004, 2464380, 0
3004, 2515041, 0
3004, 2469588, 0
3004, 2501136, 0
3004, 2486669, 0
3004, 2514971, 0
3004, 2516854, 0
3004, 2516093, 0
3004, 2532534, 0
3004, 2539144, 0
3004, 2547275, 0
3004, 2548010, 0
3004, 2547502, 0
3004, 2563021, 0
3004, 2570683, 0
3004, 2578805, 0
3004, 2578448, 0
3004, 2594423, 0
3004, 2586732, 0
3004, 2593237, 0
3004, 2601517, 0
3004, 2616983, 0
3004, 2616721, 0
3004, 2640709, 0
3004, 2622836, 0
3004, 2631431, 0
3004, 2639045, 0
3004, 2656365, 0
3004, 2670571, 0
3004, 2671778, 0
3004, 2665609, 0
3004, 2670757, 0
3004, 2678424, 0
3004, 2687308, 0
3004, 2694647, 0
3004, 2695152, 0
3004, 2716542, 0
3004, 2717145, 0
3004, 2710878, 0
3004, 2731411, 0
3004, 2732020, 0
3004, 2740471, 0
3004, 2740528, 0
3004, 2741168, 0
3004, 2755945, 0
3004, 2757125, 0
3004, 2770761, 0
3004, 2771897, 0
3004, 2780283, 0
3004, 2796657, 0
3004, 2795549, 0
3004, 2801328, 0
3004, 2790594, 0
3004, 2804004, 0
3004, 2810484, 0
3004, 2826213, 0
3004, 2833814, 0
3004, 2842073, 0
3004, 2832664, 0
3004, 2849541, 0
3004, 2850128, 0
3004, 2857697, 0
3004, 2865472, 0
3004, 2872748, 0
3004, 2895882, 0
3004, 2887580, 0
3004, 2902159, 0
3004, 2904625, 0
3004, 2911227, 0
3004, 2911397, 0
3004, 2926823, 0
3004, 2933811, 0
3004, 2942178, 0
3004, 2950513, 0
3004, 2957648, 0
3004, 2950186, 0
3004, 2956516, 0
3004, 2979471, 0
3004, 2981168, 0
3004, 2980768, 0
3004, 2988915, 0
3004, 2994891, 0
3004, 3003525, 0
3004, 3011523, 0
3004, 3019532, 0
3004, 3028776, 0
3004, 3022221, 0
3004, 3042767, 0
3004, 3042327, 0
3004, 3050935, 0
3004, 3050666, 0
3004, 3058406, 0
3004, 3073288, 0
3004, 3081669, 0
3004, 3080993, 0
3004, 3118812, 0
3004, 3067548, 0
3004, 3096921, 0
3004, 3111784, 0
3004, 3178464, 0
3004, 3185545, 0
3004, 3244137, 0
3004, 3266538, 0
3004, 3332151, 0
3004, 3324867, 0
3004, 3464037, 0
3004, 3603347, 0
3004, 3743805, 0
3004, 3809346, 0
3004, 3824630, 0
3004, 3882938, 0
3004, 3941421, 0
3004, 4029238, 0
3004, 4036546, 0
3004, 4227087, 0
3004, 4499384, 0
3004, 4719414, 0
3004, 4594449, 0
3004, 4726711, 0
3004, 4733860, 0
3004, 5071956, 0
3004, 5357417, 0
3004, 5577452, 0
3004, 5563305, 0
3004, 5783254, 0
3004, 5722223, 0
3004, 6524785, 0
3004, 6428149, 0
3004, 6671110, 0
3004, 6486511, 0
3004, 7037826, 0
3004, 7162953, 0
3004, 8205219, 0
3004, 7814907, 0
3004, 8226795, 0
3004, 8586253, 0
3004, 8717942, 0
3004, 9665304, 0
3004, 9986920, 0
3004, 10331905, 0
3004, 11168669, 0
3004, 12494617, 0
3004, 12254989, 0
3004, 12642855, 0
3004, 13990227, 0
3004, 14550744, 0
3004, 16965381, 0
3004, 18021288, 0
3004, 19744231, 0
3003, 1103, 0
3002, 72094245, 5745
3002, 24249812, 1841
3002, 71832101, 5756
3002, 24184276, 1844
3002, 71897637, 5741
3002, 24184276, 1840
3002, 71897632, 5749
3002, 24184275, 1842
3002, 71832097, 5745
3002, 24184275, 1841
3002, 71569952, 5749
3002, 24053203, 1842
3002, 71373345, 5745
3002, 23987667, 1841
3002, 71635489, 5748
3002, 24118739, 1842
3002, 71307808, 5741
3002, 23987667, 1840
3002, 71045664, 5733
3002, 23922131, 1837
3002, 71569952, 5757
3002, 24053203, 1845
3002, 73142812, 5749
3002, 24577490, 1842
3002, 74781216, 5749
3002, 25101779, 1842
3002, 76812828, 5677
3002, 25757138, 1819
3002, 78713369, 5765
3002, 26346961, 1847
3002, 81007129, 5765
3002, 27067857, 1847
3002, 82645532, 5752
3002, 27592146, 1843
3002, 84480536, 5725
3002, 28181968, 1834
3002, 86315544, 5724
3002, 28771792, 1834
3002, 87888408, 5752
3002, 29230544, 1843
3002, 90247701, 5749
3002, 30016975, 1842
3002, 92279313, 5757
3002, 30606798, 1845
3002, 93852184, 5752
3002, 31131088, 1843
3002, 96735765, 5741
3002, 32048591, 1840
3002, 98308628, 5724
3002, 32572879, 1834
3002, 100143633, 5753
3002, 33097166, 1843
3002, 102306321, 5741
3002, 33818062, 1840
3002, 103879185, 5744
3002, 34276814, 1841
3002, 106435085, 5765
3002, 35128781, 1847
3002, 108335633, 5749
3002, 35718606, 1842
3002, 110432781, 5765
3002, 36373965, 1847
3002, 112005645, 5749
3002, 36898253, 1842
3002, 115347981, 5753
3002, 37946829, 1843
3002, 117707277, 5752
3002, 38667725, 1843
3002, 119345676, 5757
3002, 39192013, 1845
3002, 121967116, 5768
3002, 40043981, 1848
3002, 123277833, 5765
3002, 40437196, 1847
3002, 125112845, 5756
3002, 41027021, 1844
3002, 126947852, 5748
3002, 41616845, 1842
3002, 128782860, 5753
3002, 42206669, 1843
3002, 130814469, 5744
3002, 42862026, 1841
3002, 132649477, 5749
3002, 43386314, 1842
3002, 136122885, 5780
3002, 44500426, 1852
3002, 137695749, 5737
3002, 45024714, 1838
3002, 139530757, 5765
3002, 45614538, 1847
3002, 142152200, 5757
3002, 46400971, 1845
3002, 144183809, 5756
3002, 47056329, 1844
3002, 146280965, 5765
3002, 47711690, 1847
3002, 147657221, 5772
3002, 48170442, 1849
3002, 150475269, 5757
3002, 49087946, 1845
3002, 152048128, 5748
3002, 49546697, 1842
3002, 153686528, 5741
3002, 50070985, 1840
3002, 156242432, 5741
3002, 50857417, 1840
3002, 158863872, 5772
3002, 51709385, 1849
3002, 159977984, 5753
3002, 52102601, 1843
3002, 162599424, 5756
3002, 52889033, 1844
3002, 164106748, 5733
3002, 53347783, 1837
3002, 166793728, 5725
3002, 54199753, 1834
3002, 168563200, 5749
3002, 54789577, 1842
3002, 170201596, 5740
3002, 55313863, 1839
3002, 172757496, 5745
3002, 56100294, 1841
3002, 174658037, 5752
3002, 56690117, 1843
3002, 176689657, 5793
3002, 57345479, 1856
3002, 178590204, 5756
3002, 57935303, 1844
3002, 181473784, 5744
3002, 58852806, 1841
3002, 183570936, 5749
3002, 59573702, 1842
3002, 185864696, 5736
3002, 60294598, 1838
3002, 187765241, 5741
3002, 60884423, 1840
3002, 189338104, 5757
3002, 61343174, 1845
3002, 192418293, 5757
3002, 62326213, 1845
3002, 193270261, 5753
3002, 62588357, 1843
3002, 195629553, 5752
3002, 63374788, 1843
3002, 197726708, 5741
3002, 64030149, 1840
3002, 199561713, 5737
3002, 64619972, 1838
3002, 201134577, 5745
3002, 65078724, 1841
3002, 205328880, 5741
3002, 66454980, 1840
3002, 206901745, 5741
3002, 66913732, 1840
3002, 209719789, 5757
3002, 67831235, 1845
3002, 211096045, 5741
3002, 68289987, 1840
3002, 213389808, 5733
3002, 69010884, 1837
3002, 214766061, 5752
3002, 69404099, 1843
3002, 216863212, 5749
3002, 70059458, 1842
3002, 219222508, 5724
3002, 70845890, 1834
3002, 221843945, 5733
3002, 71632321, 1837
3002, 223154668, 5773
3002, 72091074, 1850
3002, 225776105, 5749
3002, 72877505, 1842
3002, 227611116, 5756
3002, 73467330, 1844
3002, 229642728, 5769
3002, 74122689, 1848
3002, 232002025, 5749
3002, 74909121, 1842
3002, 234164712, 5753
3002, 75564481, 1843
3002, 236196328, 5753
3002, 76219841, 1843
3002, 238293476, 5705
3002, 76875200, 1828
3002, 239931873, 5765
3002, 77399487, 1847
3002, 241766884, 5752
3002, 77989312, 1843
3002, 244847073, 5756
3002, 78972351, 1844
3002, 245699041, 5749
3002, 79234495, 1842
3002, 250614237, 5749
3002, 80741822, 1842
3002, 251728349, 5749
3002, 81135038, 1842
3002, 254349796, 5757
3002, 81987008, 1845
3002, 256643549, 5744
3002, 82707902, 1841
3002, 258478581, 5749
3002, 83232197, 1842
3002, 260379104, 5749
3002, 83887551, 1842
3002, 262476253, 5748
3002, 84542910, 1842
3002, 264311261, 5749
3002, 85132734, 1842
3002, 266146269, 5733
3002, 85722558, 1837
3002, 268243413, 5724
3002, 86377915, 1834
3002, 270340573, 5741
3002, 87033278, 1840
3002, 272962013, 5740
3002, 87819710, 1839
3002, 274731485, 5752
3002, 88409534, 1843
3002, 275583453, 5752
3002, 88671678, 1843
3002, 276566489, 5757
3002, 88999356, 1845
3002, 276894169, 5753
3002, 89064892, 1843
3002, 277615061, 5757
3002, 89327035, 1845
3002, 278139352, 5756
3002, 89458108, 1844
3002, 278925781, 5781
3002, 89720251, 1852
3002, 278925784, 5752
3002, 89720252, 1843
3002, 279450072, 5749
3002, 89916860, 1842
3002, 280236500, 5753
3002, 90179003, 1843
3002, 281088465, 5749
3002, 90441146, 1842
3002, 281088469, 5740
3002, 90441147, 1839
3002, 281874893, 5740
3002, 90703289, 1839
3002, 282137037, 5745
3002, 90768825, 1841
3002, 282923477, 5741
3002, 91030971, 1840
3002, 283185617, 5753
3002, 91096506, 1843
3002, 283972049, 5749
3002, 91358650, 1842
3002, 284758480, 5753
3002, 91555258, 1843
3002, 285544912, 5737
3002, 91817402, 1838
3002, 286069185, 5749
3002, 92014005, 1842
3002, 287904205, 5749
3002, 92603833, 1842
3002, 288166348, 5741
3002, 92669368, 1840
3002, 289477068, 5741
3002, 93062584, 1840
3002, 290197964, 5733
3002, 93324728, 1837
3002, 291049932, 5749
3002, 93586872, 1842
3002, 291574216, 5748
3002, 93717943, 1842
3002, 292360649, 5749
3002, 93980087, 1842
3002, 293081544, 5753
3002, 94242231, 1843
3002, 293933509, 5773
3002, 94504374, 1850
3002, 294719941, 5748
3002, 94766518, 1842
3002, 295702981, 5749
3002, 95028662, 1842
3002, 296489413, 5757
3002, 95290806, 1845
3002, 297275841, 5749
3002, 95552949, 1842
3002, 297800141, 5753
3002, 95684025, 1843
3002, 298652124, 5757
3002, 96011709, 1845
3002, 299962853, 5756
3002, 96404928, 1844
3002, 300749296, 5756
3002, 96667076, 1844
3002, 301273596, 5768
3002, 96798151, 1848
3002, 302322188, 5773
3002, 97125837, 1850
3002, 303108640, 5741
3002, 97387987, 1840
3002, 304157232, 5756
3002, 97715672, 1844
3002, 305467968, 5753
3002, 98174429, 1843
3002, 306516565, 5752
3002, 98502116, 1843
3002, 307565157, 5741
3002, 98829801, 1840
3002, 309072497, 5749
3002, 99288557, 1842
3002, 309662341, 5749
3002, 99485171, 1842
3002, 311235224, 5752
3002, 99943929, 1843
3002, 312218277, 5752
3002, 100271613, 1843
3002, 313529013, 5749
3002, 100730370, 1842
3002, 314577608, 5745
3002, 101058056, 1841
3002, 315691741, 5756
3002, 101385743, 1844
3002, 316478189, 5765
3002, 101647892, 1847
3002, 319099644, 5753
3002, 102434329, 1843
3002, 320672529, 5748
3002, 102958623, 1842
3002, 321721125, 5753
3002, 103286310, 1843
3002, 323031864, 5745
3002, 103679532, 1841
3002, 324342605, 5753
3002, 104138290, 1843
3002, 325915489, 5749
3002, 104597049, 1842
3002, 327226232, 5749
3002, 105055808, 1842
3002, 328799121, 5752
3002, 105514568, 1843
3002, 330109857, 5756
3002, 105973325, 1844
3002, 331420601, 5757
3002, 106366548, 1845
3002, 333190097, 5756
3002, 106956380, 1844
3002, 334828520, 5749
3002, 107415139, 1842
3002, 338498597, 5756
3002, 108594807, 1844
3002, 340071489, 5745
3002, 109119103, 1841
3002, 341644380, 5749
3002, 109577864, 1842
3002, 343413880, 5765
3002, 110167697, 1847
3002, 344790165, 5765
3002, 110626458, 1847
3002, 346625201, 5757
3002, 111150755, 1845
3002, 348722385, 5752
3002, 111871661, 1843
3002, 350295273, 5757
3002, 112330421, 1845
3002, 352392453, 5757
3002, 112985790, 1845
3002, 353965349, 5768
3002, 113510088, 1848
3002, 355996997, 5749
3002, 114165458, 1842
3002, 357832036, 5733
3002, 114755292, 1837
3002, 359994745, 5777
3002, 115410658, 1851
3002, 362091933, 5749
3002, 116066030, 1842
3002, 363664829, 5749
3002, 116590328, 1842
3002, 365499865, 5745
3002, 117180161, 1841
3002, 367859196, 5748
3002, 117901068, 1842
3002, 370415133, 5745
3002, 118687510, 1841
3002, 372315709, 5768
3002, 119342880, 1848
3002, 374871649, 5773
3002, 120129324, 1850
3002, 376968824, 5752
3002, 120784691, 1843
3002, 379655836, 5749
3002, 121636670, 1842
3002, 382015169, 5740
3002, 122357578, 1839
3002, 384112357, 5773
3002, 123078486, 1850
3002, 386668293, 5749
3002, 123864928, 1842
3002, 388765485, 5724
3002, 124520300, 1834
3002, 390928209, 5753
3002, 125241208, 1843
3002, 393549681, 5757
3002, 126027650, 1845
3002, 395843477, 5752
3002, 126748557, 1843
3002, 397940668, 5756
3002, 127403930, 1844
3002, 400299997, 5756
3002, 128190372, 1844
3002, 402462720, 5773
3002, 128845743, 1850
3002, 404756512, 5749
3002, 129566649, 1842
3002, 406132789, 5757
3002, 130025408, 1845
3002, 408688733, 5753
3002, 130811853, 1843
3002, 411900045, 5757
3002, 131860444, 1845
3002, 413472949, 5773
3002, 132319209, 1850
3002, 416094429, 5736
3002, 133171189, 1838
3002, 418191629, 5740
3002, 133826564, 1839
3002, 421861689, 5765
3002, 135006226, 1847
3002, 424483173, 5753
3002, 135858208, 1843
3002, 427104661, 5752
3002, 136644655, 1843
3002, 430250429, 5749
3002, 137693244, 1842
3002, 432871916, 5765
3002, 138479691, 1847
3002, 434969117, 5765
3002, 139135067, 1847
3002, 438639165, 5753
3002, 140314725, 1843
3002, 441784940, 5752
3002, 141297780, 1843
3002, 444340901, 5749
3002, 142149766, 1842
3002, 448076501, 5768
3002, 143329429, 1848
3002, 450697997, 5765
3002, 144115879, 1847
3002, 454630205, 5753
3002, 145361078, 1843
3002, 456989541, 5765
3002, 146147522, 1847
3002, 462756733, 5773
3002, 147982538, 1850
3002, 465378236, 5765
3002, 148768990, 1847
3002, 474553317, 5757
3002, 151718123, 1845
3002, 477437041, 5740
3002, 152635671, 1839
3002, 480844965, 5752
3002, 153684264, 1843
3002, 484187352, 5756
3002, 154732856, 1844
3002, 488185101, 5749
3002, 155978057, 1842
3002, 491330877, 5756
3002, 157026648, 1844
3002, 494673269, 5753
3002, 158075242, 1843
3002, 498146741, 5733
3002, 159189374, 1837
3002, 501554668, 5769
3002, 160237967, 1848
3002, 505486892, 5768
3002, 161483172, 1848
3002, 508894825, 5745
3002, 162597303, 1841
3002, 513547941, 5749
3002, 164039114, 1842
3002, 516497113, 5749
3002, 164956634, 1842
3002, 520953628, 5753
3002, 166398448, 1843
3002, 524099421, 5765
3002, 167381508, 1847
3002, 527245205, 5765
3002, 168364566, 1847
3002, 532160461, 5757
3002, 169937448, 1845
3002, 536813567, 5765
3002, 171379255, 1847
3002, 536813567, 5749
3002, 171379255, 1842
3002, 536813567, 5748
3002, 171379255, 1842
3002, 536813567, 5765
3002, 171379255, 1847
3002, 536813567, 5772
3002, 171379255, 1849
3002, 536813567, 5745
3002, 171379255, 1841
3002, 536813567, 5749
3002, 171379255, 1842
3002, 536813567, 5753
3002, 171379255, 1843
3002, 536813567, 5753
3002, 171379255, 1843
3002, 536813567, 5733
3002, 171379255, 1837
3002, 536813567, 5737
3002, 171379255, 1838
3002, 536813567, 5765
3002, 171379255, 1847
3002, 536813567, 5772
3002, 171379255, 1849
3004, 12906119, 0
3004, 6146667, 0
3004, 4759749, 0
3004, 3111729, 0
3004, 2622445, 0
3004, 2394736, 0
3004, 2343033, 0
3004, 1891207, 0
3004, 1823645, 0
3004, 1546664, 0
3004, 1438152, 0
3004, 1399822, 0
3004, 1265414, 0
3004, 1211190, 0
3004, 1165208, 0
3004, 1055952, 0
3004, 1119763, 0
3004, 1001393, 0
3004, 1018141, 0
3004, 987861, 0
3004, 953686, 0
3004, 931891, 0
3004, 900856, 0
3004, 885655, 0
3004, 852714, 0
3004, 829861, 0
3004, 813793, 0
3004, 774881, 0
3004, 791735, 0
3004, 775366, 0
3004, 807518, 0
3004, 805495, 0
3004, 829449, 0
3004, 836544, 0
3004, 836988, 0
3004, 838972, 0
3004, 836813, 0
3004, 847817, 0
3004, 870251, 0
3004, 908672, 0
3004, 923487, 0
3004, 923551, 0
3004, 938149, 0
3004, 964683, 0
3004, 959594, 0
3004, 1014711, 0
3004, 1007393, 0
3004, 1022062, 0
3004, 1022245, 0
3004, 1037198, 0
3004, 1069656, 0
3004, 1063243, 0
3004, 1083969, 0
3004, 1085276, 0
3004, 1099905, 0
3004, 1101460, 0
3004, 1130756, 0
3004, 1153798, 0
3004, 1161790, 0
3004, 1178442, 0
3004, 1170692, 0
3004, 1216311, 0
3004, 1201181, 0
3004, 1224582, 0
3004, 1223598, 0
3004, 1225015, 0
3004, 1249382, 0
3004, 1271205, 0
3004, 1285546, 0
3004, 1286244, 0
3004, 1302213, 0
3004, 1317112, 0
3004, 1289587, 0
3004, 1335416, 0
3004, 1348161, 0
3004, 1370867, 0
3004, 1371509, 0
3004, 1380046, 0
3004, 1416800, 0
3004, 1432901, 0
3004, 1440517, 0
3004, 1455722, 0
3004, 1486154, 0
3004, 1487706, 0
3004, 1495020, 0
3004, 1503686, 0
3004, 1525280, 0
3004, 1540970, 0
3004, 1548424, 0
3004, 1557575, 0
3004, 1557060, 0
3004, 1572501, 0
3004, 1595167, 0
3004, 1602665, 0
3004, 1626333, 0
3004, 1634473, 0
3004, 1657295, 0
3004, 1649993, 0
3004, 1673267, 0
3004, 1673623, 0
3004, 1690640, 0
3004, 1689911, 0
3004, 1720377, 0
3004, 1735174, 0
3004, 1743486, 0
3004, 1759332, 0
3004, 1774602, 0
3004, 1797311, 0
3004, 1811469, 0
3004, 1812691, 0
3004, 1820334, 0
3004, 1856828, 0
3004, 1851460, 0
3004, 1873563, 0
3004, 1872579, 0
3004, 1889585, 0
3004, 1912860, 0
3004, 1927793, 0
3004, 1936423, 0
3004, 1936066, 0
3004, 1951903, 0
3004, 1975208, 0
3004, 1989955, 0
3004, 1990468, 0
3004, 2006650, 0
3004, 2020782, 0
3004, 2013979, 0
3004, 2051701, 0
3004, 2059622, 0
3004, 2082831, 0
3004, 2075164, 0
3004, 2084270, 0
3004, 2104786, 0
3004, 2122375, 0
3004, 2131149, 0
3004, 2145717, 0
3004, 2175754, 0
3004, 2182839, 0
3004, 2184187, 0
3004, 2199880, 0
3004, 2214945, 0
3004, 2222102, 0
3004, 2245854, 0
3004, 2260373, 0
3004, 2261062, 0
3004, 2284803, 0
3004, 2292536, 0
3004, 2292977, 0
3004, 2323236, 0
3004, 2330386, 0
3004, 2345470, 0
3004, 2362006, 0
3004, 2376854, 0
3004, 2390760, 0
3004, 2391847, 0
3004, 2407999, 0
3004, 2439012, 0
3004, 2424183, 0
3004, 2440060, 0
3004, 2462619, 0
3004, 2470033, 0
3004, 2486993, 0
3004, 2507966, 0
3004, 2507965, 0
3004, 2510458, 0
3004, 2554616, 0
3004, 2547591, 0
3004, 2562578, 0
3004, 2578168, 0
3004, 2600398, 0
3004, 2608659, 0
3004, 2616529, 0
3004, 2633500, 0
3004, 2640977, 0
3004, 2662749, 0
3004, 2671608, 0
3004, 2686370, 0
3004, 2709347, 0
3004, 2709594, 0
3004, 2725898, 0
3004, 2748981, 0
3004, 2749200, 0
3004, 2756871, 0
3004, 2779888, 0
3004, 2780615, 0
3004, 2787854, 0
3004, 2789075, 0
3004, 2811004, 0
3004, 2827465, 0
3004, 2856818, 0
3004, 2856709, 0
3004, 2885936, 0
3004, 2881590, 0
3004, 2903799, 0
3004, 2911435, 0
3004, 2926446, 0
3004, 2934530, 0
3004, 2950981, 0
3004, 2964200, 0
3004, 2974581, 0
3004, 2981122, 0
3004, 3011474, 0
3004, 3012569, 0
3004, 3027510, 0
3004, 3035401, 0
3004, 3065620, 0
3004, 3064975, 0
3004, 3081883, 0
3004, 3090470, 0
3004, 3097446, 0
3004, 3119860, 0
3004, 3136078, 0
3004, 3150482, 0
3004, 3174225, 0
3004, 3165795, 0
3004, 3182814, 0
3004, 3212043, 0
3004, 3212170, 0
3004, 3221023, 0
3004, 3242949, 0
3004, 3236146, 0
3004, 3260604, 0
3004, 3282830, 0
3004, 3292033, 0
3004, 3289950, 0
3004, 3314296, 0
3004, 3342314, 0
3004, 3344667, 0
3004, 3353019, 0
3004, 3367675, 0
3004, 3360293, 0
3004, 3383514, 0
3004, 3398718, 0
3004, 3414552, 0
3004, 3429335, 0
3004, 3452429, 0
3004, 3445282, 0
3004, 3461503, 0
3004, 3475759, 0
3004, 3490503, 0
3004, 3515087, 0
3004, 3485402, 0
3004, 3545272, 0
3004, 3546957, 0
3004, 3576462, 0
3004, 3585214, 0
3004, 3577791, 0
3004, 3585593, 0
3004, 3624055, 0
3004, 3607542, 0
3004, 3638855, 0
3004, 3639037, 0
3004, 3654616, 0
3004, 3670510, 0
3004, 3685195, 0
3004, 3708221, 0
3004, 3715997, 0
3004, 3724894, 0
3004, 3753749, 0
3004, 3748029, 0
3004, 3770436, 0
3004, 3770874, 0
3004, 3786173, 0
3004, 3800104, 0
3004, 3810054, 0
3004, 3824715, 0
3004, 3847178, 0
3004, 3847989, 0
3004, 3878835, 0
3004, 3886128, 0
3004, 3909054, 0
3004, 3909365, 0
3004, 3917652, 0
3004, 3932901, 0
3004, 3956256, 0
3004, 3971664, 0
3004, 3979447, 0
3004, 3987226, 0
3004, 3994251, 0
3004, 4033432, 0
3004, 4018030, 0
3004, 4039517, 0
3004, 4056325, 0
3004, 4072317, 0
3004, 4073104, 0
3004, 4088861, 0
3004, 4117874, 0
3004, 4110805, 0
3004, 4134300, 0
3004, 4135259, 0
3004, 4149750, 0
3004, 4157505, 0
3004, 4180956, 0
3004, 4187548, 0
3004, 4211145, 0
3004, 4219394, 0
3004, 4227905, 0
3004, 4242022, 0
3004, 4275305, 0
3004, 4311267, 0
3004, 4296244, 0
3004, 4304241, 0
3004, 4311845, 0
3004, 4326229, 0
3004, 4373932, 0
3004, 4359114, 0
3004, 4365799, 0
3004, 4382917, 0
3004, 4389582, 0
3004, 4405811, 0
3004, 4435837, 0
3004, 4429496, 0
3004, 4443570, 0
3004, 4464075, 0
3004, 4468142, 0
3004, 4482649, 0
3004, 4505497, 0
3004, 4520015, 0
3004, 4528976, 0
3004, 4528625, 0
3004, 4559688, 0
3004, 4560256, 0
3004, 4581895, 0
3004, 4583047, 0
3004, 4598172, 0
3004, 4613280, 0
3004, 4628659, 0
3004, 4637102, 0
3004, 4652589, 0
3004, 4653388, 0
3004, 4682600, 0
3004, 4684670, 0
3004, 4704639, 0
3004, 4729502, 0
3004, 4714737, 0
3004, 4745138, 0
3004, 4754061, 0
3004, 4761771, 0
3004, 4783147, 0
3004, 4784244, 0
3004, 4792710, 0
3004, 4829522, 0
3004, 4815751, 0
3004, 4838144, 0
3004, 4854633, 0
3004, 4868899, 0
3004, 4877033, 0
3004, 4884888, 0
3004, 4908062, 0
3004, 4916018, 0
3004, 4939207, 0
3004, 4946959, 0
3004, 4961283, 0
3004, 4976002, 0
3004, 4985621, 0
3004, 5000567, 0
3004, 5001688, 0
3004, 5024471, 0
3004, 5046545, 0
3004, 5057772, 0
3004, 5062432, 0
3004, 5085462, 0
3004, 5093416, 0
3004, 5095452, 0
3004, 5117118, 0
3004, 5124298, 0
3004, 5139728, 0
3004, 5156472, 0
3004, 5163046, 0
3004, 5186079, 0
3004, 5194104, 0
3004, 5209855, 0
3004, 5217287, 0
3004, 5233553, 0
3004, 5248652, 0
3004, 5234310, 0
3004, 5278876, 0
3004, 5295607, 0
3004, 5303469, 0
3004, 5310603, 0
3004, 5333339, 0
3004, 5348190, 0
3004, 5340943, 0
3004, 5363626, 0
3004, 5372495, 0
3004, 5395549, 0
3004, 5389036, 0
3004, 5411101, 0
3004, 5425658, 0
3004, 5450483, 0
3004, 5457054, 0
3004, 5472594, 0
3004, 5473174, 0
3004, 5486013, 0
3004, 5511278, 0
3004, 5512349, 0
3004, 5534585, 0
3004, 5542731, 0
3004, 5565674, 0
3004, 5574380, 0
3004, 5581060, 0
3004, 5597206, 0
3004, 5612587, 0
3004, 5620207, 0
3004, 5635794, 0
3004, 5650468, 0
3004, 5665363, 0
3004, 5682272, 0
3004, 5698230, 0
3004, 5697710, 0
3004, 5721373, 0
3004, 5742945, 0
3004, 5735764, 0
3004, 5751842, 0
3004, 5767507, 0
3004, 5789333, 0
3004, 5790338, 0
3004, 5813160, 0
3004, 5836318, 0
3004, 5836261, 0
3004, 5837504, 0
3004, 5852376, 0
3004, 5875694, 0
3004, 5868669, 0
3004, 5898242, 0
3004, 5914317, 0
3004, 5922023, 0
3004, 5930589, 0
3004, 5945398, 0
3004, 5975936, 0
3004, 5967846, 0
3004, 5983782, 0
3004, 5998315, 0
3004, 6021914, 0
3004, 6031551, 0
3004, 6038003, 0
3004, 6051968, 0
3004, 6063231, 0
3004, 6088142, 0
3004, 6084842, 0
3004, 6107161, 0
3004, 6115064, 0
3004, 6123414, 0
3004, 6139337, 0
3004, 6146433, 0
3004, 6155089, 0
3004, 6177489, 0
3004, 6186007, 0
3004, 6201439, 0
3004, 6215616, 0
3004, 6224609, 0
3004, 6246370, 0
3004, 6253726, 0
3004, 6277448, 0
3004, 6277627, 0
3004, 6300906, 0
3004, 6308391, 0
3004, 6323994, 0
3004, 6347181, 0
3004, 6340596, 0
3004, 6362679, 0
3004, 6378726, 0
3004, 6385910, 0
3004, 6395420, 0
3004, 6402508, 0
3004, 6425034, 0
3004, 6447166, 0
3004, 6456346, 0
3004, 6462952, 0
3004, 6471257, 0
3004, 6501684, 0
3004, 6494762, 0
3004, 6517597, 0
3004, 6540714, 0
3004, 6548457, 0
3004, 6563967, 0
3004, 6571766, 0
3004, 6586675, 0
3004, 6609831, 0
3004, 6610940, 0
3004, 6625986, 0
3004, 6890967, 0
3004, 7041891, 0
3004, 7050889, 0
3004, 7607242, 0
3004, 8027631, 0
3004, 8431190, 0
3004, 8591659, 0
3004, 9010803, 0
3004, 9847028, 0
3004, 9861506, 0
3004, 10400210, 0
3004, 11673618, 0
3004, 11812932, 0
3004, 12244992, 0
3004, 12642712, 0
3004, 13790248, 0
3004, 15591612, 0
3004, 15884269, 0
3004, 17277821, 0
3004, 12883265, 0
3004, 6556544, 0
3004, 3691365, 0
3004, 3016236, 0
3004, 2425338, 0
3004, 2345833, 0
3004, 2123832, 0
3004, 2066531, 0
3004, 1744568, 0
3004, 1490739, 0
3004, 1398209, 0
3004, 1296026, 0
3004, 1295613, 0
3004, 1186880, 0
3004, 1117077, 0
3004, 1091930, 0
3004, 1086858, 0
3004, 1015891, 0
3004, 1025590, 0
3004, 947432, 0
3004, 948068, 0
3004, 932415, 0
3004, 868134, 0
3004, 869269, 0
3004, 854460, 0
3004, 838091, 0
3004, 815451, 0
3004, 798478, 0
3004, 791569, 0
3004, 775799, 0
3004, 790932, 0
3004, 799220, 0
3004, 821181, 0
3004, 822201, 0
3004, 844281, 0
3004, 845174, 0
3004, 861152, 0
3004, 869238, 0
3004, 883102, 0
3004, 900358, 0
3004, 922455, 0
3004, 929852, 0
3004, 945426, 0
3004, 968688, 0
3004, 968611, 0
3004, 984626, 0
3004, 985935, 0
3004, 1044371, 0
3004, 1030217, 0
3004, 1030513, 0
3004, 1045855, 0
3004, 1060778, 0
3004, 1076774, 0
3004, 1084593, 0
3004, 1100256, 0
3004, 1108642, 0
3004, 1123752, 0
3004, 1154254, 0
3004, 1154132, 0
3004, 1162948, 0
3004, 1178341, 0
3004, 1199853, 0
3004, 1222791, 0
3004, 1215374, 0
3004, 1230551, 0
3004, 1240288, 0
3004, 1254957, 0
3004, 1270299, 0
3004, 1281191, 0
3004, 1287232, 0
3004, 1302085, 0
3004, 1332255, 0
3004, 1331567, 0
3004, 1363817, 0
3004, 1363393, 0
3004, 1379016, 0
3004, 1378590, 0
3004, 1402294, 0
3004, 1385941, 0
3004, 1425668, 0
3004, 1441661, 0
3004, 1441052, 0
3004, 1456402, 0
3004, 1478960, 0
3004, 1484114, 0
3004, 1496320, 0
3004, 1532198, 0
3004, 1525897, 0
3004, 1548386, 0
3004, 1550104, 0
3004, 1579626, 0
3004, 1588019, 0
3004, 1587909, 0
3004, 1603825, 0
3004, 1626759, 0
3004, 1626444, 0
3004, 1641783, 0
3004, 1665335, 0
3004, 1672759, 0
3004, 1718379, 0
3004, 1704062, 0
3004, 1718970, 0
3004, 1711623, 0
3004, 1743544, 0
3004, 1735575, 0
3004, 1772782, 0
3004, 1780930, 0
3004, 1788255, 0
3004, 1788418, 0
3004, 1819885, 0
3004, 1831783, 0
3004, 1836117, 0
3004, 1849813, 0
3004, 1873792, 0
3004, 1869948, 0
3004, 1896903, 0
3004, 1884632, 0
3004, 1934561, 0
3004, 1934850, 0
3004, 1934712, 0
3004, 1950493, 0
3004, 1981727, 0
3004, 1980580, 0
3004, 1998109, 0
3004, 2014011, 0
3004, 2036247, 0
3004, 2043660, 0
3004, 2051909, 0
3004, 2067182, 0
3004, 2075116, 0
3004, 2105231, 0
3004, 2105265, 0
3004, 2143114, 0
3004, 2129392, 0
3004, 2108303, 0
3004, 2159198, 0
3004, 2159443, 0
3004, 2182923, 0
3004, 2198125, 0
3004, 2206184, 0
3004, 2213996, 0
3004, 2222461, 0
3004, 2267358, 0
3004, 2267251, 0
3004, 2268932, 0
3004, 2270887, 0
3004, 2292208, 0
3004, 2307084, 0
3004, 2323308, 0
3004, 2331871, 0
3004, 2338974, 0
3004, 2354953, 0
3004, 2362061, 0
3004, 2384797, 0
3004, 2393698, 0
3004, 2400839, 0
3004, 2423522, 0
3004, 2438982, 0
3004, 2454034, 0
3004, 2469695, 0
3004, 2492307, 0
3004, 2497002, 0
3004, 2500065, 0
3004, 2524721, 0
3004, 2539509, 0
3004, 2539696, 0
3004, 2555076, 0
3004, 2562557, 0
3004, 2555406, 0
3004, 2600159, 0
3004, 2601653, 0
3004, 2624246, 0
3004, 2617151, 0
3004, 2646297, 0
3004, 2655552, 0
3004, 2655648, 0
3004, 2664360, 0
3004, 2687625, 0
3004, 2701886, 0
3004, 2710345, 0
3004, 2718947, 0
3004, 2748736, 0
3004, 2756986, 0
3004, 2772738, 0
3004, 2787278, 0
3004, 2788564, 0
3004, 2803235, 0
3004, 2819229, 0
3004, 2838141, 0
3004, 2857350, 0
3004, 2878895, 0
3004, 2874947, 0
3004, 2895132, 0
3004, 2912070, 0
3004, 2912382, 0
3004, 2934598, 0
3004, 2935059, 0
3004, 2964897, 0
3004, 2972653, 0
3004, 2995943, 0
3004, 2996804, 0
3004, 3011212, 0
3004, 3018903, 0
3004, 3020729, 0
3004, 3064965, 0
3004, 3080750, 0
3004, 3065986, 0
3004, 3073610, 0
3004, 3089936, 0
3004, 3096255, 0
3004, 3119530, 0
3004, 3134753, 0
3004, 3150333, 0
3004, 3149988, 0
3004, 3153929, 0
3004, 3197156, 0
3004, 3211877, 0
3004, 3252072, 0
3004, 3216756, 0
3004, 3235647, 0
3004, 3250109, 0
3004, 3266450, 0
3004, 3284828, 0
3004, 3270185, 0
3004, 3277169, 0
3004, 3320095, 0
3004, 3344402, 0
3004, 3338835, 0
3004, 3331062, 0
3004, 3374138, 0
3004, 3361356, 0
3004, 3420441, 0
3004, 3369239, 0
3004, 3405915, 0
3004, 3420878, 0
3004, 3429738, 0
3004, 3444617, 0
3004, 3467546, 0
3004, 3476395, 0
3004, 3475511, 0
3004, 3507538, 0
3004, 3514864, 0
3004, 3529687, 0
3004, 3541435, 0
3004, 3567830, 0
3004, 3569667, 0
3004, 3591992, 0
3004, 3599217, 0
3004, 3623289, 0
3004, 3631562, 0
3004, 3653423, 0
3004, 3676104, 0
3004, 3662713, 0
3004, 3699467, 0
3004, 3699888, 0
3004, 3708230, 0
3004, 3723774, 0
3004, 3730089, 0
3004, 3738945, 0
3004, 3754473, 0
3004, 3762021, 0
3004, 3755998, 0
3004, 3800127, 0
3004, 3801104, 0
3004, 3816843, 0
3004, 3812022, 0
3004, 3839666, 0
3004, 3855246, 0
3004, 3863199, 0
3004, 3886191, 0
3004, 3886427, 0
3004, 3917180, 0
3004, 3926250, 0
3004, 3948428, 0
3004, 3956025, 0
3004, 3971076, 0
3004, 3979072, 0
3004, 4018045, 0
3004, 4007303, 0
3004, 4024676, 0
3004, 4048415, 0
3004, 4041686, 0
3004, 4079200, 0
3004, 4094081, 0
3004, 4079705, 0
3004, 4103194, 0
3004, 4125815, 0
3004, 4110876, 0
3004, 4148600, 0
3004, 4156388, 0
3004, 4150094, 0
3004, 4186490, 0
3004, 4188037, 0
3004, 4187997, 0
3004, 4188119, 0
3004, 4218183, 0
3004, 4240655, 0
3004, 4248541, 0
3004, 4257979, 0
3004, 4280562, 0
3004, 4273238, 0
3004, 4295448, 0
3004, 4303683, 0
3004, 4318274, 0
3004, 4349087, 0
3004, 4349929, 0
3004, 4366919, 0
3004, 4372928, 0
3004, 4398056, 0
3004, 4411666, 0
3004, 4420584, 0
3004, 4443645, 0
3004, 4459889, 0
3004, 4466256, 0
3004, 4474968, 0
3004, 4497580, 0
3004, 4512748, 0
3004, 4497514, 0
3004, 4513058, 0
3004, 4527881, 0
3004, 4521363, 0
3004, 4552371, 0
3004, 4566852, 0
3004, 4574402, 0
3004, 4581738, 0
3004, 4617522, 0
3004, 4635333, 0
3004, 4636079, 0
3004, 4652061, 0
3004, 4661074, 0
3004, 4683146, 0
3004, 4684358, 0
3004, 4698653, 0
3004, 4721258, 0
3004, 4722253, 0
3004, 4738057, 0
3004, 4745666, 0
3004, 4761678, 0
3004, 4768115, 0
3004, 4806803, 0
3004, 4813987, 0
3004, 4836572, 0
3004, 4830122, 0
3004, 4845597, 0
3004, 4867799, 0
3004, 4868912, 0
3004, 4883698, 0
3004, 4885659, 0
3004, 4899762, 0
3004, 4915339, 0
3004, 4930476, 0
3004, 4931023, 0
3004, 4954184, 0
3004, 4976239, 0
3004, 4985632, 0
3004, 4999352, 0
3004, 5006835, 0
3004, 5003438, 0
3004, 5026290, 0
3004, 5045779, 0
3004, 5077087, 0
3004, 5063093, 0
3004, 5085865, 0
3004, 5086150, 0
3004, 5139495, 0
3004, 5126322, 0
3004, 5147404, 0
3004, 5146605, 0
3004, 5170103, 0
3004, 5193860, 0
3004, 5194308, 0
3004, 5217234, 0
3004, 5247126, 0
3004, 5254649, 0
3004, 5255159, 0
3004, 5262508, 0
3004, 5256748, 0
3004, 5272963, 0
3004, 5301304, 0
3004, 5310103, 0
3004, 5338558, 0
3004, 5341070, 0
3004, 5356523, 0
3004, 5349414, 0
3004, 5371978, 0
3004, 5387811, 0
3004, 5395644, 0
3004, 5410758, 0
3004, 5419505, 0
3004, 5427431, 0
3004, 5464135, 0
3004, 5473124, 0
3004, 5479782, 0
3004, 5480844, 0
3004, 5495829, 0
3004, 5526326, 0
3004, 5527392, 0
3004, 5542829, 0
3004, 5557658, 0
3004, 5573102, 0
3004, 5583135, 0
3004, 5591897, 0
3004, 5588648, 0
3004, 5612999, 0
3004, 5628013, 0
3004, 5642520, 0
3004, 5659864, 0
3004, 5673523, 0
3004, 5680484, 0
3004, 5705037, 0
3004, 5712717, 0
3004, 5712212, 0
3004, 5728142, 0
3004, 5744769, 0
3004, 5773815, 0
3004, 5777797, 0
3004, 5789315, 0
3004, 5796576, 0
3004, 5820392, 0
3004, 5821562, 0
3004, 5851799, 0
3004, 5851471, 0
3004, 5865465, 0
3004, 5912818, 0
3004, 5876364, 0
3004, 5913712, 0
3004, 5921639, 0
3004, 5921664, 0
3004, 5948834, 0
3004, 5953625, 0
3004, 5968107, 0
3004, 5991167, 0
3004, 5998565, 0
3004, 6000423, 0
3004, 6022180, 0
3004, 6037408, 0
3004, 6038470, 0
3004, 6061196, 0
3004, 6082908, 0
3004, 6076476, 0
3004, 6106796, 0
3004, 6107549, 0
3004, 6101495, 0
3004, 6132142, 0
3004, 6140880, 0
3004, 6183428, 0
3004, 6177563, 0
3004, 6191336, 0
3004, 6191663, 0
3004, 6209387, 0
3004, 6231530, 0
3004, 6240135, 0
3004, 6262646, 0
3004, 6263416, 0
3004, 6293040, 0
3004, 6301512, 0
3004, 6308593, 0
3004, 6316540, 0
3004, 6338945, 0
3004, 6352241, 0
3004, 6362184, 0
3004, 6377745, 0
3004, 6378872, 0
3004, 6408441, 0
3004, 6409367, 0
3004, 6417651, 0
3004, 6440256, 0
3004, 6455067, 0
3004, 6455837, 0
3004, 6477991, 0
3004, 6493770, 0
3004, 6501631, 0
3004, 6510546, 0
3004, 6518014, 0
3004, 6540661, 0
3004, 6556314, 0
3004, 6571444, 0
3004, 6594284, 0
3004, 6588080, 0
3004, 6610393, 0
3004, 6624080, 0
3004, 6897278, 0
3004, 7036569, 0
3004, 7462379, 0
3004, 7894144, 0
3004, 8291260, 0
3004, 8159204, 0
3004, 7894665, 0
3004, 9009346, 0
3004, 9712666, 0
3004, 9582099, 0
3004, 10682625, 0
3004, 10829031, 0
3004, 11401623, 0
3004, 11532319, 0
3004, 12508316, 0
3004, 13080875, 0
3004, 15010964, 0
3004, 16140040, 0
3004, 17690022, 0
3004, 12234163, 0
3004, 6451197, 0
3004, 3739031, 0
3004, 3009087, 0
3004, 2631692, 0
3004, 2327380, 0
3004, 1978580, 0
3004, 1938197, 0
3004, 1586509, 0
3004, 1514748, 0
3004, 1385296, 0
3004, 1286496, 0
3004, 1449399, 0
3004, 1170304, 0
3004, 1107146, 0
3004, 1057247, 0
3004, 1064044, 0
3004, 1037990, 0
3004, 922990, 0
3004, 895978, 0
3004, 867256, 0
3004, 981047, 0
3004, 888349, 0
3004, 841758, 0
3004, 840546, 0
3004, 840519, 0
3004, 843323, 0
3004, 803361, 0
3004, 833331, 0
3004, 769424, 0
3004, 767299, 0
3004, 753525, 0
3004, 742438, 0
3004, 735795, 0
3004, 722315, 0
3004, 722768, 0
3004, 713736, 0
3004, 697107, 0
3004, 662012, 0
3004, 714025, 0
3004, 676625, 0
3004, 667584, 0
3004, 664487, 0
3004, 642674, 0
3004, 653889, 0
3004, 654724, 0
3004, 655977, 0
3004, 637350, 0
3004, 646316, 0
3004, 609163, 0
3004, 616014, 0
3004, 613729, 0
3004, 610285, 0
3004, 601808, 0
3004, 604991, 0
3004, 593528, 0
3004, 598075, 0
3004, 585169, 0
3004, 585368, 0
3004, 581884, 0
3004, 596634, 0
3004, 589745, 0
3004, 597086, 0
3004, 619192, 0
3004, 605043, 0
3004, 628283, 0
3004, 636098, 0
3004, 635607, 0
3004, 650817, 0
3004, 651785, 0
3004, 652266, 0
3004, 667047, 0
3004, 674009, 0
3004, 666422, 0
3004, 681795, 0
3004, 682861, 0
3004, 690086, 0
3004, 696187, 0
3004, 713218, 0
3004, 704318, 0
3004, 713455, 0
3004, 728744, 0
3004, 721505, 0
3004, 736471, 0
3004, 751352, 0
3004, 759327, 0
3004, 759713, 0
3004, 768517, 0
3004, 767517, 0
3004, 783627, 0
3004, 805503, 0
3004, 790332, 0
3004, 805601, 0
3004, 800502, 0
3004, 806042, 0
3004, 807436, 0
3004, 828852, 0
3004, 828286, 0
3004, 844325, 0
3004, 837173, 0
3004, 844295, 0
3004, 852619, 0
3004, 857810, 0
3004, 859850, 0
3004, 868503, 0
3004, 876020, 0
3004, 890667, 0
3004, 884145, 0
3004, 892055, 0
3004, 898997, 0
3004, 914004, 0
3004, 906644, 0
3004, 922384, 0
3004, 930040, 0
3004, 945766, 0
3004, 937875, 0
3004, 953383, 0
3004, 960392, 0
3004, 968115, 0
3004, 969443, 0
3004, 974192, 0
3004, 984995, 0
3004, 997777, 0
3004, 999004, 0
3004, 999719, 0
3004, 1015153, 0
3004, 1023313, 0
3004, 1030214, 0
3004, 1038540, 0
3004, 1030654, 0
3004, 1038384, 0
3004, 1053257, 0
3004, 1046851, 0
3004, 1061660, 0
3004, 1076544, 0
3004, 1076435, 0
3004, 1084291, 0
3004, 1092441, 0
3004, 1085451, 0
3004, 1099598, 0
3004, 1107905, 0
3004, 1123557, 0
3004, 1123727, 0
3004, 1123601, 0
3004, 1139094, 0
3004, 1145639, 0
3004, 1161126, 0
3004, 1145655, 0
3004, 1162213, 0
3004, 1177499, 0
3004, 1161549, 0
3004, 1184664, 0
3004, 1191772, 0
3004, 1192330, 0
3004, 1200934, 0
3004, 1208652, 0
3004, 1209386, 0
3004, 1231005, 0
3004, 1238713, 0
3004, 1231371, 0
3004, 1239032, 0
3004, 1231775, 0
3004, 1238454, 0
3004, 1271188, 0
3004, 1284602, 0
3004, 1269162, 0
3004, 1278239, 0
3004, 1278171, 0
3004, 1278194, 0
3004, 1293098, 0
3004, 1300953, 0
3004, 1308824, 0
3004, 1302254, 0
3004, 1310015, 0
3004, 1317268, 0
3004, 1325368, 0
3004, 1347084, 0
3004, 1347434, 0
3004, 1354954, 0
3004, 1363417, 0
3004, 1371291, 0
3004, 1379658, 0
3004, 1385904, 0
3004, 1378808, 0
3004, 1401367, 0
3004, 1402111, 0
3004, 1402335, 0
3004, 1402688, 0
3004, 1424745, 0
3004, 1431554, 0
3004, 1440197, 0
3004, 1434123, 0
3004, 1425364, 0
3004, 1448520, 0
3004, 1456421, 0
3004, 1456056, 0
3004, 1488159, 0
3004, 1475202, 0
3004, 1472996, 0
3004, 1504001, 0
3004, 1509178, 0
3004, 1516860, 0
3004, 1525264, 0
3004, 1517947, 0
3004, 1535000, 0
3004, 1525620, 0
3004, 1571500, 0
3004, 1570800, 0
3004, 1542665, 0
3004, 1526299, 0
3004, 1571629, 0
3004, 1559812, 0
3004, 1578633, 0
3004, 1571027, 0
3004, 1580101, 0
3004, 1603205, 0
3004, 1571835, 0
3004, 1609242, 0
3004, 1604530, 0
3004, 1625708, 0
3004, 1626452, 0
3004, 1634332, 0
3004, 1627382, 0
3004, 1634310, 0
3004, 1663831, 0
3004, 1641588, 0
3004, 1679202, 0
3004, 1665290, 0
3004, 1664996, 0
3004, 1677903, 0
3004, 1679002, 0
3004, 1686923, 0
3004, 1696824, 0
3004, 1710273, 0
3004, 1719347, 0
3004, 1719409, 0
3004, 1727314, 0
3004, 1734880, 0
3004, 1741908, 0
3004, 1749634, 0
3004, 1788167, 0
3004, 1759842, 0
3004, 1741707, 0
3004, 1781098, 0
3004, 1788749, 0
3004, 1795307, 0
3004, 1795678, 0
3004, 1803553, 0
3004, 1798258, 0
3004, 1799904, 0
3004, 1842264, 0
3004, 1857814, 0
3004, 1842370, 0
3004, 1835558, 0
3004, 1851890, 0
3004, 1858588, 0
3004, 1895697, 0
3004, 1857751, 0
3004, 1881820, 0
3004, 1903198, 0
3004, 1867514, 0
3004, 1890525, 0
3004, 1912213, 0
3004, 1899008, 0
3004, 1912879, 0
3004, 1921364, 0
3004, 1918079, 0
3004, 1936127, 0
3004, 1936802, 0
3004, 1951071, 0
3004, 1966517, 0
3004, 1944432, 0
3004, 1958540, 0
3004, 1974333, 0
3004, 1981180, 0
3004, 1967165, 0
3004, 1997981, 0
3004, 1991024, 0
3004, 1990285, 0
3004, 1991517, 0
3004, 2012630, 0
3004, 2012802, 0
3004, 2028820, 0
3004, 2021618, 0
3004, 2021545, 0
3004, 2048247, 0
3004, 2052310, 0
3004, 2052118, 0
3004, 2067048, 0
3004, 2060547, 0
3004, 2075530, 0
3004, 2082371, 0
3004, 2092774, 0
3004, 2128134, 0
3004, 2099336, 0
3004, 2105640, 0
3004, 2128158, 0
3004, 2132031, 0
3004, 2137974, 0
3004, 2145851, 0
3004, 2138138, 0
3004, 2129951, 0
3004, 2138019, 0
3004, 2132820, 0
3004, 2182287, 0
3004, 2182390, 0
3004, 2192729, 0
3004, 2184076, 0
3004, 2200337, 0
3004, 2183153, 0
3004, 2207399, 0
3004, 2215696, 0
3004, 2215890, 0
3004, 2244967, 0
3004, 2237643, 0
3004, 2247060, 0
3004, 2269643, 0
3004, 2298325, 0
3004, 2270456, 0
3004, 2262160, 0
3004, 2298505, 0
3004, 2291597, 0
3004, 2285509, 0
3004, 2298492, 0
3004, 2306286, 0
3004, 2300277, 0
3004, 2298525, 0
3004, 2303120, 0
3004, 2337603, 0
3004, 2344915, 0
3004, 2331434, 0
3004, 2346047, 0
3004, 2344906, 0
3004, 2366378, 0
3004, 2355321, 0
3004, 2361108, 0
3004, 2398954, 0
3004, 2362204, 0
3004, 2371176, 0
3004, 2380986, 0
3004, 2408366, 0
3004, 2408886, 0
3004, 2415200, 0
3004, 2424287, 0
3004, 2430862, 0
3004, 2445763, 0
3004, 2440218, 0
3004, 2440670, 0
3004, 2454793, 0
3004, 2461242, 0
3004, 2470765, 0
3004, 2479094, 0
3004, 2491901, 0
3004, 2515011, 0
3004, 2515045, 0
3004, 2486906, 0
3004, 2501916, 0
3004, 2516534, 0
3004, 2522109, 0
3004, 2517382, 0
3004, 2532162, 0
3004, 2523127, 0
3004, 2569224, 0
3004, 2519799, 0
3004, 2561680, 0
3004, 2548153, 0
3004, 2571114, 0
3004, 2600627, 0
3004, 2615634, 0
3004, 2588170, 0
3004, 2578678, 0
3004, 2595227, 0
3004, 2609486, 0
3004, 2610786, 0
3004, 2617594, 0
3004, 2625624, 0
3004, 2625648, 0
3004, 2655766, 0
3004, 2640443, 0
3004, 2645598, 0
3004, 2678046, 0
3004, 2671724, 0
3004, 2671487, 0
3004, 2686191, 0
3004, 2685596, 0
3004, 2694416, 0
3004, 2693501, 0
3004, 2720985, 0
3004, 2695346, 0
3004, 2724743, 0
3004, 2731839, 0
3004, 2731756, 0
3004, 2735782, 0
3004, 2742775, 0
3004, 2732510, 0
3004, 2734570, 0
3004, 2778313, 0
3004, 2785925, 0
3004, 2742800, 0
3004, 2774404, 0
3004, 2780359, 0
3004, 2788250, 0
3004, 2832406, 0
3004, 2801771, 0
3004, 2832423, 0
3004, 2797008, 0
3004, 2814443, 0
3004, 2825921, 0
3004, 2833264, 0
3004, 2848076, 0
3004, 2840463, 0
3004, 2857776, 0
3004, 2849133, 0
3004, 2878975, 0
3004, 2865536, 0
3004, 2895317, 0
3004, 2887287, 0
3004, 2918863, 0
3004, 2902113, 0
3004, 2912503, 0
3004, 2903689, 0
3004, 2933346, 0
3004, 2948478, 0
3004, 2941364, 0
3004, 2942454, 0
3004, 2949536, 0
3004, 2948757, 0
3004, 2948673, 0
3004, 2994983, 0
3004, 2994995, 0
3004, 2973267, 0
3004, 2994956, 0
3004, 2994971, 0
3004, 3011815, 0
3004, 2995021, 0
3004, 3012669, 0
3004, 3011018, 0
3004, 3040247, 0
3004, 3043151, 0
3004, 3051093, 0
3004, 3057353, 0
3004, 3049921, 0
3004, 3058339, 0
3004, 3066209, 0
3004, 3103278, 0
3004, 3118756, 0
3004, 3080575, 0
3004, 3075653, 0
3004, 3111274, 0
3004, 3099284, 0
3004, 3118889, 0
3004, 3118956, 0
3004, 3118838, 0
3004, 3324753, 0
3004, 3383346, 0
3004, 3595940, 0
3004, 3537939, 0
3004, 3749566, 0
3004, 3610286, 0
3004, 4383323, 0
3004, 3750204, 0
3004, 4161629, 0
3004, 4432710, 0
3004, 4550616, 0
3004, 4022313, 0
3004, 3819545, 0
3004, 4301264, 0
3004, 4418567, 0
3004, 4858662, 0
3004, 4917239, 0
3004, 4792661, 0
3004, 5056945, 0
3004, 5063962, 0
3004, 5496940, 0
3004, 5621862, 0
3004, 5907329, 0
3004, 5911381, 0
3004, 5914409, 0
3004, 6060569, 0
3004, 6751122, 0
3004, 6399172, 0
3004, 6883248, 0
3004, 7310090, 0
3004, 7726796, 0
3004, 7862682, 0
3004, 8225531, 0
3004, 8366406, 0
3004, 9187174, 0
3004, 9340702, 0
3004, 9480377, 0
3004, 10676150, 0
3004, 11644572, 0
3004, 12011095, 0
3004, 12899110, 0
3004, 12767265, 0
3004, 13478344, 0
3004, 15979958, 0
3004, 14960036, 0
3004, 16193525, 0
3004, 18599394, 0
3004, 11077893, 0
3004, 5658535, 0
3004, 4330172, 0
3004, 3099250, 0
3004, 2359019, 0
3004, 2285186, 0
3004, 1998245, 0
3004, 1737063, 0
3004, 1698910, 0
3004, 1626999, 0
3004, 1376608, 0
3004, 1296119, 0
3004, 1249079, 0
3004, 1229137, 0
3004, 1143066, 0
3004, 1105419, 0
3004, 1024747, 0
3004, 1022255, 0
3004, 988110, 0
3004, 960058, 0
3004, 912973, 0
3004, 888205, 0
3004, 877507, 0
3004, 879215, 0
3004, 846514, 0
3004, 847865, 0
3004, 820440, 0
3004, 800294, 0
3004, 807022, 0
3004, 781818, 0
3004, 752534, 0
3004, 732704, 0
3004, 724091, 0
3004, 734706, 0
3004, 731997, 0
3004, 704390, 0
3004, 725735, 0
3004, 728759, 0
3004, 727785, 0
3004, 658259, 0
3004, 654120, 0
3004, 672960, 0
3004, 655769, 0
3004, 647858, 0
3004, 640523, 0
3004, 611321, 0
3004, 657567, 0
3004, 629027, 0
3004, 616777, 0
3004, 622061, 0
3004, 615472, 0
3004, 604944, 0
3004, 608698, 0
3004, 605376, 0
3004, 588787, 0
3004, 589431, 0
3004, 593681, 0
3004, 585590, 0
3004, 580420, 0
3004, 583429, 0
3004, 589574, 0
3004, 597726, 0
3004, 604962, 0
3004, 634453, 0
3004, 585088, 0
3004, 643178, 0
3004, 629288, 0
3004, 642854, 0
3004, 657917, 0
3004, 645081, 0
3004, 642739, 0
3004, 645212, 0
3004, 674179, 0
3004, 666626, 0
3004, 674770, 0
3004, 683052, 0
3004, 690126, 0
3004, 696557, 0
3004, 697199, 0
3004, 735779, 0
3004, 720510, 0
3004, 727454, 0
3004, 728831, 0
3004, 736951, 0
3004, 744711, 0
3004, 743895, 0
3004, 752665, 0
3004, 745163, 0
3004, 747036, 0
3004, 774700, 0
3004, 805275, 0
3004, 797203, 0
3004, 805308, 0
3004, 798164, 0
3004, 805752, 0
3004, 813624, 0
3004, 859492, 0
3004, 843550, 0
3004, 851446, 0
3004, 851107, 0
3004, 825524, 0
3004, 847419, 0
3004, 867036, 0
3004, 859010, 0
3004, 890047, 0
3004, 863484, 0
3004, 890858, 0
3004, 883366, 0
3004, 898473, 0
3004, 913269, 0
3004, 913295, 0
3004, 914134, 0
3004, 922241, 0
3004, 937125, 0
3004, 930914, 0
3004, 938180, 0
3004, 960660, 0
3004, 955471, 0
3004, 961334, 0
3004, 969688, 0
3004, 999915, 0
3004, 971254, 0
3004, 968169, 0
3004, 1029756, 0
3004, 1022822, 0
3004, 1029930, 0
3004, 1022876, 0
3004, 1032716, 0
3004, 1024197, 0
3004, 1038204, 0
3004, 1038078, 0
3004, 1053616, 0
3004, 1039376, 0
3004, 1062267, 0
3004, 1083309, 0
3004, 1084885, 0
3004, 1083914, 0
3004, 1083797, 0
3004, 1099754, 0
3004, 1106924, 0
3004, 1116451, 0
3004, 1115812, 0
3004, 1112470, 0
3004, 1116245, 0
3004, 1129816, 0
3004, 1168208, 0
3004, 1129793, 0
3004, 1146732, 0
3004, 1183945, 0
3004, 1134339, 0
3004, 1133222, 0
3004, 1184200, 0
3004, 1179095, 0
3004, 1193817, 0
3004, 1208632, 0
3004, 1185925, 0
3004, 1208080, 0
3004, 1188688, 0
3004, 1235466, 0
3004, 1223988, 0
3004, 1246128, 0
3004, 1238844, 0
3004, 1254903, 0
3004, 1246566, 0
3004, 1262727, 0
3004, 1262923, 0
3004, 1277555, 0
3004, 1270520, 0
3004, 1294275, 0
3004, 1293284, 0
3004, 1301989, 0
3004, 1330939, 0
3004, 1300379, 0
3004, 1301957, 0
3004, 1296961, 0
3004, 1304705, 0
3004, 1354874, 0
3004, 1354231, 0
3004, 1357055, 0
3004, 1357627, 0
3004, 1369806, 0
3004, 1393492, 0
3004, 1379577, 0
3004, 1378058, 0
3004, 1394276, 0
3004, 1416981, 0
3004, 1409450, 0
3004, 1411045, 0
3004, 1416821, 0
3004, 1424239, 0
3004, 1440437, 0
3004, 1425786, 0
3004, 1470264, 0
3004, 1435002, 0
3004, 1455555, 0
3004, 1463548, 0
3004, 1470341, 0
3004, 1473234, 0
3004, 1460013, 0
3004, 1524344, 0
3004, 1516912, 0
3004, 1516524, 0
3004, 1517590, 0
3004, 1504322, 0
3004, 1517474, 0
3004, 1532295, 0
3004, 1526202, 0
3004, 1563809, 0
3004, 1533697, 0
3004, 1556220, 0
3004, 1548969, 0
3004, 1571025, 0
3004, 1571574, 0
3004, 1579528, 0
3004, 1587306, 0
3004, 1571843, 0
3004, 1594891, 0
3004, 1573361, 0
3004, 1616461, 0
3004, 1632638, 0
3004, 1626256, 0
3004, 1634911, 0
3004, 1630185, 0
3004, 1651337, 0
3004, 1663745, 0
3004, 1686824, 0
3004, 1687057, 0
3004, 1657217, 0
3004, 1644110, 0
3004, 1672360, 0
3004, 1687626, 0
3004, 1687053, 0
3004, 1687377, 0
3004, 1691535, 0
3004, 1712769, 0
3004, 1726568, 0
3004, 1727632, 0
3004, 1734703, 0
3004, 1742319, 0
3004, 1745644, 0
3004, 1745192, 0
3004, 1757880, 0
3004, 1788716, 0
3004, 1766436, 0
3004, 1773767, 0
3004, 1796412, 0
3004, 1804026, 0
3004, 1805969, 0
3004, 1800000, 0
3004, 1820957, 0
3004, 1834605, 0
3004, 1813687, 0
3004, 1834866, 0
3004, 1843437, 0
3004, 1835765, 0
3004, 1859469, 0
3004, 1850408, 0
3004, 1865931, 0
3004, 1866871, 0
3004, 1859044, 0
3004, 1873770, 0
3004, 1889305, 0
3004, 1889668, 0
3004, 1904635, 0
3004, 1898211, 0
3004, 1908324, 0
3004, 1926855, 0
3004, 1906697, 0
3004, 1935110, 0
3004, 1957808, 0
3004, 1958198, 0
3004, 1958226, 0
3004, 1960267, 0
3004, 1961420, 0
3004, 1967712, 0
3004, 1981879, 0
3004, 2019576, 0
3004, 1960752, 0
3004, 2011924, 0
3004, 2011968, 0
3004, 2023305, 0
3004, 2020836, 0
3004, 2020338, 0
3004, 2022075, 0
3004, 2055973, 0
3004, 2073812, 0
3004, 2071203, 0
3004, 2045630, 0
3004, 2073944, 0
3004, 2074811, 0
3004, 2073036, 0
3004, 2074842, 0
3004, 2104895, 0
3004, 2106894, 0
3004, 2098720, 0
3004, 2120678, 0
3004, 2123779, 0
3004, 2127977, 0
3004, 2128104, 0
3004, 2145575, 0
3004, 2151255, 0
3004, 2130921, 0
3004, 2160509, 0
3004, 2175131, 0
3004, 2190749, 0
3004, 2190486, 0
3004, 2183476, 0
3004, 2183956, 0
3004, 2191245, 0
3004, 2199062, 0
3004, 2207372, 0
3004, 2214669, 0
3004, 2221790, 0
3004, 2221809, 0
3004, 2229702, 0
3004, 2237303, 0
3004, 2244322, 0
3004, 2252702, 0
3004, 2253395, 0
3004, 2268295, 0
3004, 2268353, 0
3004, 2275936, 0
3004, 2283700, 0
3004, 2306923, 0
3004, 2292015, 0
3004, 2299895, 0
3004, 2307059, 0
3004, 2322955, 0
3004, 2330638, 0
3004, 2330024, 0
3004, 2337972, 0
3004, 2338483, 0
3004, 2346226, 0
3004, 2353344, 0
3004, 2368950, 0
3004, 2369386, 0
3004, 2376661, 0
3004, 2377349, 0
3004, 2391877, 0
3004, 2392200, 0
3004, 2399831, 0
3004, 2420851, 0
3004, 2422746, 0
3004, 2422527, 0
3004, 2446600, 0
3004, 2438549, 0
3004, 2438553, 0
3004, 2455055, 0
3004, 2469996, 0
3004, 2461690, 0
3004, 2470636, 0
3004, 2485209, 0
3004, 2485424, 0
3004, 2493851, 0
3004, 2493855, 0
3004, 2501546, 0
3004, 2508758, 0
3004, 2515220, 0
3004, 2508777, 0
3004, 2532682, 0
3004, 2532598, 0
3004, 2539497, 0
3004, 2547402, 0
3004, 2555851, 0
3004, 2561065, 0
3004, 2562943, 0
3004, 2570650, 0
3004, 2570730, 0
3004, 2577903, 0
3004, 2587444, 0
3004, 2594486, 0
3004, 2601622, 0
3004, 2601690, 0
3004, 2616608, 0
3004, 2631200, 0
3004, 2631962, 0
3004, 2631927, 0
3004, 2639693, 0
3004, 2677524, 0
3004, 2648169, 0
3004, 2677639, 0
3004, 2670933, 0
3004, 2670880, 0
3004, 2678710, 0
3004, 2686738, 0
3004, 2695821, 0
3004, 2699457, 0
3004, 2709386, 0
3004, 2703453, 0
3004, 2724273, 0
3004, 2731814, 0
3004, 2733649, 0
3004, 2731692, 0
3004, 2732607, 0
3004, 2786637, 0
3004, 2736361, 0
3004, 2793793, 0
3004, 2765330, 0
3004, 2793806, 0
3004, 2794558, 0
3004, 2791248, 0
3004, 2795454, 0
3004, 2832395, 0
3004, 2847808, 0
3004, 2802072, 0
3004, 2817989, 0
3004, 2818541, 0
3004, 2848059, 0
3004, 2841392, 0
3004, 2847871, 0
3004, 2863350, 0
3004, 2894328, 0
3004, 2835391, 0
3004, 2879710, 0
3004, 2887133, 0
3004, 2888481, 0
3004, 2889042, 0
3004, 2895225, 0
3004, 2911113, 0
3004, 2911180, 0
3004, 2926549, 0
3004, 2927075, 0
3004, 2935003, 0
3004, 2942223, 0
3004, 2949630, 0
3004, 2958023, 0
3004, 2957688, 0
3004, 2973601, 0
3004, 2973609, 0
3004, 2980800, 0
3004, 2995145, 0
3004, 2996763, 0
3004, 2995746, 0
3004, 3011339, 0
3004, 3011250, 0
3004, 3011505, 0
3004, 3026950, 0
3004, 3019291, 0
3004, 3042204, 0
3004, 3042340, 0
3004, 3057676, 0
3004, 3056984, 0
3004, 3065309, 0
3004, 3065367, 0
3004, 3080767, 0
3004, 3096381, 0
3004, 3081544, 0
3004, 3096962, 0
3004, 3096950, 0
3004, 3111877, 0
3004, 3111814, 0
3004, 3185592, 0
3004, 3244020, 0
3004, 3389989, 0
3004, 3323469, 0
3004, 3398698, 0
3004, 3596225, 0
3004, 3537827, 0
3004, 3677053, 0
3004, 3677103, 0
3004, 3742652, 0
3004, 3816336, 0
3004, 3948485, 0
3004, 4015849, 0
3004, 4227992, 0
3004, 4168700, 0
3004, 4308240, 0
3004, 4513816, 0
3004, 4719544, 0
3004, 4939565, 0
3004, 4998065, 0
3004, 5005203, 0
3004, 5225380, 0
3004, 5357392, 0
3004, 5415943, 0
3004, 5775200, 0
3004, 5974019, 0
3004, 5914750, 0
3004, 6259853, 0
3004, 6193384, 0
3004, 6543660, 0
3004, 7103228, 0
3004, 7587422, 0
3004, 7455229, 0
3004, 7829109, 0
3004, 8167094, 0
3004, 8637078, 0
3004, 8797892, 0
3004, 9421701, 0
3004, 9905829, 0
3004, 10654523, 0
3004, 11088033, 0
3004, 11321999, 0
3004, 12694257, 0
3004, 13082253, 0
3004, 13971495, 0
3004, 15571038, 0
3004, 16194111, 0
3004, 17551074, 0
3004, 20325077, 0
